# File generated by CMD 2.2 (http://stev.oapd.inaf.it/cmd) on Mon Sep 14 22:18:26 CEST 2009
# Basic reference: Marigo et al. (2008, A&A 482, 883) 
# Photometric system: <i>UBVRIJHK</i> (cf. Maiz-Apellaniz 2006 + Bessell 1990)
# BCs of Carbon stars derive from Loidl et al. (2001)
# O-rich circumstellar dust ignored
# C-rich circumstellar dust ignored
# IMF: Chabrier (2001) lognormal 
# Kind of output: isochrone tables
#	Isochrone	Z = 0.02600		Age = 	6.250e+08 yr
# log(age/yr)	M_ini   	M_act	logL/Lo	logTe	logG	mbol    U       B       V       R       I       J       H       K	C/O	M_hec	period	pmode	logMdot	int_IMF
	8.80	0.1500000060	0.1500	-2.5186	3.5132	5.1315	11.066	16.193	14.683	13.093	11.938	10.521	9.228	8.687	8.430	0.4787	0.0000	0.0	1	-17.817	1.9609395266
	8.80	0.2000000030	0.2000	-2.2503	3.5335	5.0694	10.396	15.044	13.655	12.141	11.070	9.797	8.606	8.051	7.808	0.4787	0.0000	0.0	1	-17.692	2.2217822075
	8.80	0.2500000000	0.2500	-2.0664	3.5442	5.0249	9.936	14.370	13.028	11.549	10.515	9.316	8.173	7.607	7.370	0.4787	0.0000	0.0	1	-17.573	2.4080901146
	8.80	0.3000000119	0.3000	-1.9149	3.5542	4.9927	9.557	13.782	12.497	11.061	10.057	8.918	7.814	7.237	7.013	0.4787	0.0000	0.0	1	-16.636	2.5475041866
	8.80	0.3499999940	0.3500	-1.7800	3.5636	4.9625	9.220	13.234	12.026	10.650	9.666	8.567	7.484	6.900	6.696	0.4787	0.0000	0.0	1	-15.843	2.6555202007
	8.80	0.4000000060	0.4000	-1.6425	3.5720	4.9165	8.876	12.712	11.578	10.258	9.289	8.213	7.142	6.553	6.366	0.4787	0.0000	0.0	1	-15.157	2.7413372993
	8.80	0.4499999881	0.4500	-1.5201	3.5812	4.8823	8.570	12.240	11.146	9.862	8.918	7.902	6.859	6.250	6.082	0.4787	0.0000	0.0	1	-14.551	2.8109800816
	8.80	0.5000000000	0.5000	-1.3988	3.5915	4.8479	8.267	11.765	10.685	9.423	8.517	7.597	6.597	5.953	5.807	0.4787	0.0000	0.0	1	-14.009	2.8684780598
	8.80	0.5500000119	0.5500	-1.2741	3.6027	4.8092	7.955	11.282	10.207	8.964	8.101	7.285	6.332	5.652	5.528	0.4787	0.0000	0.0	1	-13.519	2.9166350365
	8.80	0.6000000238	0.6000	-1.1530	3.6155	4.7774	7.653	10.842	9.763	8.538	7.715	6.982	6.073	5.383	5.271	0.4787	0.0000	0.0	1	-13.072	2.9573988914
	8.80	0.6999999881	0.7000	-0.8965	3.6421	4.6941	7.011	9.840	8.816	7.660	6.923	6.330	5.512	4.845	4.756	0.4787	0.0000	0.0	1	-12.279	3.0225379467
	8.80	0.8000000119	0.8000	-0.6373	3.6747	4.6231	6.363	8.642	7.802	6.764	6.140	5.655	4.956	4.382	4.314	0.4787	0.0000	0.0	1	-11.616	3.0718705654
	8.80	0.8999999762	0.9000	-0.3904	3.7102	4.5693	5.746	7.423	6.861	5.957	5.445	5.033	4.458	3.993	3.941	0.4787	0.0000	0.0	1	-11.750	3.1102609634
	8.80	0.9973245859	0.9973	-0.1660	3.7406	4.5114	5.185	6.400	6.069	5.290	4.853	4.495	4.015	3.633	3.592	0.4787	0.0000	0.0	1	-12.809	3.1400685310
	8.80	1.0000000000	0.9999	-0.1602	3.7414	4.5099	5.171	6.374	6.049	5.273	4.838	4.481	4.004	3.623	3.582	0.4787	0.0000	0.0	1	-12.839	3.1408040524
	8.80	1.0355283022	1.0355	-0.0828	3.7507	4.4847	4.977	6.049	5.790	5.054	4.640	4.298	3.849	3.491	3.453	0.4787	0.0000	0.0	1	-13.213	3.1501841545
	8.80	1.1000000238	1.0999	0.0524	3.7667	4.4397	4.639	5.517	5.351	4.684	4.304	3.987	3.582	3.261	3.228	0.4787	0.0000	0.0	1	-13.741	3.1655414104
	8.80	1.1022067070	1.1021	0.0570	3.7672	4.4380	4.627	5.500	5.336	4.671	4.293	3.976	3.573	3.253	3.220	0.4787	0.0000	0.0	1	-13.755	3.1660327911
	8.80	1.1778569221	1.1777	0.2074	3.7835	4.3815	4.252	4.953	4.864	4.268	3.923	3.632	3.272	2.988	2.960	0.4787	0.0000	0.0	1	-14.133	3.1816792488
	8.80	1.2000000477	1.1998	0.2489	3.7879	4.3658	4.148	4.809	4.736	4.159	3.822	3.538	3.190	2.915	2.888	0.4787	0.0000	0.0	1	-14.208	3.1858570576
	8.80	1.2424373627	1.2422	0.3277	3.7965	4.3363	3.951	4.534	4.491	3.950	3.631	3.360	3.034	2.777	2.753	0.4787	0.0000	0.0	1	-14.321	3.1934156418
	8.80	1.2809391022	1.2807	0.3949	3.8036	4.3111	3.783	4.311	4.286	3.774	3.469	3.210	2.902	2.660	2.637	0.4787	0.0000	0.0	1	-14.399	3.1998028755
	8.80	1.2999999523	1.2998	0.4251	3.8068	4.3002	3.707	4.215	4.196	3.695	3.397	3.143	2.843	2.607	2.585	0.4787	0.0000	0.0	1	-14.430	3.2028071880
	8.80	1.3999999762	1.3996	0.5787	3.8240	4.2475	3.323	3.723	3.729	3.295	3.030	2.805	2.546	2.345	2.327	0.4787	0.0000	0.0	1	-14.553	3.2170591354
	8.80	1.5000000000	1.4995	0.7181	3.8409	4.2053	2.975	3.306	3.312	2.934	2.704	2.508	2.287	2.119	2.102	0.4787	0.0000	0.1	1	-14.636	3.2291738987
	8.80	1.5180926323	1.5176	0.7422	3.8443	4.1999	2.914	3.232	3.238	2.872	2.648	2.458	2.245	2.083	2.067	0.4787	0.0000	0.1	1	-14.649	3.2311730385
	8.80	1.6000000238	1.5994	0.8481	3.8577	4.1705	2.650	2.926	2.924	2.600	2.403	2.238	2.053	1.917	1.903	0.4787	0.0000	0.1	1	-14.702	3.2395837307
	8.80	1.7000000477	1.6992	0.9689	3.8739	4.1410	2.348	2.585	2.566	2.290	2.127	1.992	1.842	1.735	1.723	0.4787	0.0000	0.1	1	-14.760	3.2485761642
	8.80	1.7006213665	1.6998	0.9696	3.8740	4.1408	2.346	2.583	2.564	2.289	2.126	1.991	1.841	1.734	1.722	0.4787	0.0000	0.1	1	-14.761	3.2486281395
	8.80	1.7999999523	1.7990	1.0824	3.8868	4.1039	2.064	2.281	2.243	2.006	1.870	1.759	1.635	1.549	1.538	0.4787	0.0000	0.1	1	-14.813	3.2563917637
	8.80	1.8397004604	1.8390	1.1260	3.8914	4.0883	1.955	2.165	2.120	1.898	1.771	1.669	1.553	1.475	1.464	0.4787	0.0000	0.1	1	-14.834	3.2592160702
	8.80	1.9156647921	1.9157	1.2079	3.8985	4.0522	1.750	1.949	1.892	1.692	1.581	1.493	1.390	1.324	1.313	0.4787	0.0000	0.1	1	-14.872	3.2642340660
	8.80	1.9588208199	1.9588	1.2538	3.9019	4.0297	1.635	1.830	1.767	1.579	1.475	1.393	1.297	1.235	1.225	0.4787	0.0000	0.1	1	-14.892	3.2668795586
	8.80	2.0000000000	2.0000	1.2972	3.9041	4.0044	1.527	1.719	1.651	1.472	1.374	1.296	1.203	1.145	1.135	0.4787	0.0000	0.1	1	-14.912	3.2692775726
	8.80	2.0539636612	2.0540	1.3526	3.9068	3.9711	1.388	1.576	1.504	1.336	1.243	1.170	1.082	1.027	1.017	0.4787	0.0000	0.1	1	-14.937	3.2722425461
	8.80	2.1331572533	2.1332	1.4327	3.9080	3.9124	1.188	1.373	1.295	1.136	1.047	0.977	0.890	0.837	0.827	0.4787	0.0000	0.1	1	-14.972	3.2762582302
	8.80	2.2000000477	2.2000	1.4988	3.9061	3.8521	1.023	1.210	1.127	0.966	0.876	0.804	0.714	0.659	0.649	0.4787	0.0000	0.1	1	-15.001	3.2793695927
	8.80	2.2021329403	2.2021	1.5009	3.9061	3.8502	1.018	1.205	1.122	0.961	0.871	0.798	0.708	0.654	0.643	0.4787	0.0000	0.1	1	-15.002	3.2794649601
	8.80	2.2612006664	2.2612	1.5574	3.9018	3.7882	0.877	1.072	0.981	0.813	0.716	0.639	0.541	0.482	0.471	0.4787	0.0000	0.1	1	-15.026	3.2820186615
	8.80	2.3122498989	2.3122	1.6046	3.8952	3.7243	0.758	0.967	0.874	0.689	0.581	0.493	0.383	0.316	0.304	0.4787	0.0000	0.1	1	-15.047	3.2840955257
	8.80	2.3567924500	2.3568	1.6444	3.8868	3.6590	0.659	0.887	0.794	0.585	0.461	0.360	0.234	0.155	0.141	0.4787	0.0000	0.1	1	-15.065	3.2858166695
	8.80	2.3961246014	2.3961	1.6787	3.8770	3.5929	0.573	0.824	0.732	0.493	0.351	0.234	0.089	-0.003	-0.019	0.4787	0.0000	0.2	1	-15.080	3.2872705460
	8.80	2.4140360355	2.4140	1.6950	3.8724	3.5612	0.532	0.797	0.704	0.452	0.300	0.175	0.021	-0.078	-0.094	0.4787	0.0000	0.2	1	-15.087	3.2879130840
	8.80	2.4308106899	2.4308	1.7125	3.8689	3.5327	0.489	0.764	0.671	0.408	0.250	0.119	-0.043	-0.147	-0.164	0.4787	0.0000	0.2	1	-15.094	3.2885041237
	8.80	2.4420413971	2.4420	1.7276	3.8682	3.5172	0.451	0.729	0.634	0.370	0.211	0.079	-0.084	-0.189	-0.206	0.4787	0.0000	0.2	1	-15.098	3.2888941765
	8.80	2.4499876499	2.4500	1.7439	3.8712	3.5142	0.410	0.680	0.582	0.328	0.176	0.049	-0.107	-0.208	-0.224	0.4787	0.0000	0.2	1	-15.101	3.2891674042
	8.80	2.4561836720	2.4562	1.7666	3.8797	3.5263	0.353	0.600	0.497	0.272	0.137	0.026	-0.114	-0.201	-0.217	0.4787	0.0000	0.2	1	-15.103	3.2893791199
	8.80	2.4603283405	2.4603	1.8073	3.8998	3.5667	0.252	0.451	0.336	0.179	0.085	0.009	-0.094	-0.152	-0.165	0.4787	0.0000	0.2	1	-15.105	3.2895197868
	8.80	2.4614703655	2.4615	1.8451	3.9173	3.5994	0.157	0.316	0.215	0.109	0.045	-0.006	-0.078	-0.117	-0.127	0.4787	0.0000	0.2	1	-15.105	3.2895586491
	8.80	2.4620802402	2.4621	1.8943	3.9369	3.6288	0.034	0.153	0.086	0.028	-0.008	-0.034	-0.075	-0.096	-0.102	0.4787	0.0000	0.2	1	-15.106	3.2895791531
	8.80	2.4621703625	2.4622	1.8756	3.9336	3.6343	0.081	0.207	0.132	0.066	0.026	-0.004	-0.050	-0.074	-0.080	0.4787	0.0000	0.2	1	-15.106	3.2895822525
	8.80	2.4622936249	2.4623	1.8395	3.9213	3.6210	0.171	0.322	0.225	0.129	0.072	0.026	-0.039	-0.074	-0.083	0.4787	0.0000	0.2	1	-15.106	3.2895863056
	8.80	2.4624898434	2.4625	1.8294	3.9044	3.5635	0.196	0.385	0.272	0.130	0.044	-0.025	-0.120	-0.173	-0.185	0.4787	0.0000	0.2	1	-15.106	3.2895929813
	8.80	2.4627742767	2.4628	1.8437	3.8868	3.4789	0.161	0.391	0.277	0.080	-0.038	-0.136	-0.263	-0.339	-0.354	0.4787	0.0000	0.2	1	-15.106	3.2896027565
	8.80	2.4631831646	2.4632	1.8512	3.8667	3.3910	0.142	0.427	0.319	0.058	-0.101	-0.234	-0.400	-0.507	-0.525	0.4787	0.0000	0.2	1	-15.106	3.2896165848
	8.80	2.4635372162	2.4635	1.8489	3.8521	3.3351	0.148	0.480	0.377	0.068	-0.122	-0.281	-0.478	-0.609	-0.629	0.4787	0.0000	0.3	1	-15.106	3.2896285057
	8.80	2.4639728069	2.4640	1.8421	3.8354	3.2752	0.165	0.569	0.463	0.097	-0.128	-0.318	-0.552	-0.714	-0.737	0.4787	0.0000	0.3	1	-15.106	3.2896432877
	8.80	2.4644896984	2.4645	1.8300	3.8165	3.2117	0.195	0.700	0.582	0.145	-0.119	-0.344	-0.622	-0.821	-0.848	0.4787	0.0000	0.3	1	-15.106	3.2896606922
	8.80	2.4652769566	2.4653	1.8029	3.7899	3.1326	0.263	0.962	0.796	0.248	-0.072	-0.345	-0.688	-0.943	-0.975	0.4787	0.0000	0.4	1	-15.107	3.2896871567
	8.80	2.4659204483	2.4659	1.7710	3.7716	3.0914	0.342	1.212	0.991	0.359	-0.000	-0.305	-0.695	-0.991	-1.027	0.4787	0.0000	0.4	1	-15.107	3.2897088528
	8.80	2.4665803909	2.4666	1.7253	3.7547	3.0695	0.457	1.523	1.224	0.510	0.114	-0.219	-0.657	-0.992	-1.033	0.4787	0.0000	0.4	1	-15.107	3.2897310257
	8.80	2.4672470093	2.4672	1.6622	3.7380	3.0659	0.614	1.905	1.510	0.712	0.279	-0.083	-0.570	-0.946	-0.991	0.4787	0.0000	0.4	1	-15.107	3.2897536755
	8.80	2.4679126740	2.4679	1.5896	3.7226	3.0770	0.796	2.308	1.814	0.940	0.472	0.084	-0.451	-0.866	-0.916	0.4787	0.0000	0.4	1	-15.108	3.2897760868
	8.80	2.4688086510	2.4688	1.5461	3.7055	3.0525	0.905	2.693	2.070	1.113	0.605	0.188	-0.405	-0.867	-0.924	0.4787	0.0000	0.4	1	-15.108	3.2898061275
	8.80	2.4697179794	2.4697	1.6010	3.6937	2.9503	0.768	2.766	2.043	1.028	0.491	0.051	-0.583	-1.079	-1.141	0.4787	0.0000	0.5	1	-15.108	3.2898366451
	8.80	2.4704492092	2.4704	1.6629	3.6872	2.8627	0.613	2.735	1.952	0.905	0.351	-0.101	-0.760	-1.274	-1.340	0.4787	0.0000	0.6	1	-15.109	3.2898612022
	8.80	2.4710547924	2.4711	1.7159	3.6828	2.7920	0.480	2.691	1.865	0.794	0.229	-0.232	-0.907	-1.434	-1.502	0.4787	0.0000	0.6	1	-15.109	3.2898814678
	8.80	2.4716591835	2.4717	1.7697	3.6787	2.7221	0.346	2.638	1.772	0.679	0.104	-0.365	-1.055	-1.593	-1.664	0.4787	0.0000	0.7	1	-15.109	3.2899017334
	8.80	2.4722807407	2.4723	1.8261	3.6745	2.6490	0.205	2.583	1.675	0.559	-0.026	-0.504	-1.210	-1.760	-1.833	0.4787	0.0000	0.8	1	-15.109	3.2899224758
	8.80	2.4730331898	2.4730	1.8962	3.6695	2.5588	0.029	2.514	1.557	0.416	-0.183	-0.673	-1.399	-1.966	-2.042	0.4787	0.0000	1.0	1	-15.109	3.2899477482
	8.80	2.4736835957	2.4737	1.9582	3.6652	2.4799	-0.125	2.452	1.451	0.288	-0.323	-0.823	-1.566	-2.147	-2.225	0.4787	0.0000	1.1	1	-15.109	3.2899694443
	8.80	2.4743566513	2.4744	2.0232	3.6608	2.3976	-0.288	2.388	1.339	0.153	-0.470	-0.981	-1.741	-2.335	-2.417	0.4787	0.0000	1.3	1	-15.109	3.2899920940
	8.80	2.4749615192	2.4750	2.0816	3.6568	2.3233	-0.434	2.335	1.240	0.032	-0.602	-1.122	-1.899	-2.505	-2.590	0.4787	0.0000	1.5	1	-15.110	3.2900123596
	8.80	2.4755122662	2.4755	2.1362	3.6532	2.2543	-0.571	2.284	1.147	-0.081	-0.726	-1.254	-2.045	-2.663	-2.750	0.4787	0.0000	1.6	1	-15.110	3.2900307178
	8.80	2.4760692120	2.4761	2.1922	3.6495	2.1836	-0.710	2.233	1.052	-0.197	-0.852	-1.389	-2.196	-2.825	-2.915	0.4787	0.0000	1.9	1	-15.109	3.2900493145
	8.80	2.4765381813	2.4765	2.2410	3.6462	2.1216	-0.832	2.196	0.976	-0.291	-0.957	-1.505	-2.326	-2.966	-3.058	0.4787	0.0000	2.1	1	-15.109	3.2900648117
	8.80	2.4770076275	2.4770	2.2919	3.6426	2.0565	-0.960	2.161	0.897	-0.390	-1.067	-1.626	-2.462	-3.114	-3.209	0.4787	0.0000	2.3	1	-15.109	3.2900805473
	8.80	2.4774641991	2.4775	2.3427	3.6390	1.9915	-1.087	2.128	0.819	-0.487	-1.176	-1.746	-2.598	-3.262	-3.360	0.4787	0.0000	2.6	1	-15.109	3.2900958061
	8.80	2.4779167175	2.4779	2.3938	3.6354	1.9258	-1.215	2.099	0.743	-0.585	-1.285	-1.867	-2.734	-3.411	-3.511	0.4787	0.0000	2.9	1	-15.109	3.2901108265
	8.80	2.4784047604	2.4784	2.4482	3.6313	1.8551	-1.351	2.075	0.663	-0.687	-1.401	-1.995	-2.880	-3.571	-3.674	0.4787	0.0000	3.3	1	-15.108	3.2901270390
	8.80	2.4789016247	2.4789	2.4974	3.6274	1.7905	-1.474	2.059	0.594	-0.779	-1.505	-2.110	-3.012	-3.716	-3.823	0.4787	0.0000	3.7	1	-15.108	3.2901434898
	8.80	2.4791476727	2.4791	2.4516	3.6311	1.8512	-1.359	2.072	0.657	-0.694	-1.409	-2.003	-2.889	-3.580	-3.684	0.4787	0.0000	3.3	1	-15.109	3.2901518345
	8.80	2.4792251587	2.4792	2.4367	3.6323	1.8709	-1.322	2.077	0.678	-0.667	-1.377	-1.968	-2.849	-3.536	-3.639	0.4787	0.0000	3.2	1	-15.109	3.2901544571
	8.80	2.4793229103	2.4793	2.4173	3.6337	1.8959	-1.273	2.086	0.707	-0.630	-1.336	-1.922	-2.797	-3.479	-3.581	0.4787	0.0000	3.1	1	-15.109	3.2901575565
	8.80	2.4794588089	2.4795	2.3927	3.6356	1.9280	-1.212	2.097	0.743	-0.584	-1.283	-1.864	-2.731	-3.407	-3.507	0.4787	0.0000	2.9	1	-15.109	3.2901620865
	8.80	2.4796514511	2.4797	2.3621	3.6378	1.9676	-1.135	2.113	0.788	-0.526	-1.218	-1.792	-2.649	-3.318	-3.416	0.4787	0.0000	2.7	1	-15.110	3.2901685238
	8.80	2.4799089432	2.4799	2.3263	3.6404	2.0139	-1.046	2.132	0.841	-0.458	-1.142	-1.708	-2.553	-3.213	-3.309	0.4787	0.0000	2.5	1	-15.110	3.2901771069
	8.80	2.4802222252	2.4802	2.2873	3.6433	2.0643	-0.948	2.157	0.900	-0.383	-1.058	-1.616	-2.449	-3.099	-3.193	0.4787	0.0000	2.3	1	-15.111	3.2901875973
	8.80	2.4806146622	2.4806	2.2421	3.6465	2.1224	-0.835	2.187	0.969	-0.297	-0.962	-1.509	-2.328	-2.967	-3.059	0.4787	0.0000	2.1	1	-15.111	3.2902004719
	8.80	2.4813196659	2.4813	2.1664	3.6518	2.2193	-0.646	2.245	1.089	-0.148	-0.796	-1.328	-2.125	-2.747	-2.835	0.4787	0.0000	1.8	1	-15.112	3.2902238369
	8.80	2.4824545383	2.4825	2.0467	3.6602	2.3730	-0.347	2.347	1.288	0.098	-0.527	-1.039	-1.802	-2.398	-2.480	0.4787	0.0000	1.3	1	-15.112	3.2902615070
	8.80	2.4843783379	2.4844	1.8839	3.6723	2.5844	0.060	2.489	1.556	0.428	-0.163	-0.646	-1.361	-1.918	-1.992	0.4787	0.0000	0.9	1	-15.114	3.2903254032
	8.80	2.4867880344	2.4868	1.7790	3.6802	2.7215	0.323	2.588	1.734	0.648	0.077	-0.389	-1.073	-1.607	-1.677	0.4787	0.0000	0.7	1	-15.115	3.2904050350
	8.80	2.4913203716	2.4913	1.6961	3.6875	2.8344	0.530	2.651	1.868	0.820	0.267	-0.185	-0.842	-1.355	-1.420	0.4787	0.0000	0.6	1	-15.116	3.2905542850
	8.80	2.5000000000	2.5000	1.7058	3.6875	2.8259	0.505	2.629	1.844	0.795	0.243	-0.209	-0.866	-1.379	-1.445	0.4787	0.0000	0.6	1	-15.120	3.2908382416
	8.80	2.5603084564	2.5603	1.7833	3.6864	2.7548	0.312	2.462	1.662	0.606	0.051	-0.403	-1.064	-1.579	-1.645	0.4787	0.0000	0.9	1	-15.142	3.2927436829
	8.80	2.5626680851	2.5627	1.7862	3.6865	2.7524	0.305	2.455	1.655	0.599	0.044	-0.410	-1.071	-1.586	-1.652	0.4787	0.0000	0.9	1	-15.143	3.2928159237
	8.80	2.6415135860	2.6415	1.8884	3.6854	2.6589	0.049	2.232	1.414	0.347	-0.210	-0.666	-1.331	-1.848	-1.915	0.4787	0.0000	1.0	1	-15.171	3.2951321602
	8.80	2.6952538490	2.6953	1.9821	3.6800	2.5526	-0.185	2.108	1.235	0.138	-0.432	-0.898	-1.584	-2.115	-2.185	0.4787	0.0000	1.3	1	-15.190	3.2966105938
	8.80	2.7152261734	2.7152	2.0535	3.6734	2.4579	-0.364	2.066	1.126	-0.006	-0.592	-1.073	-1.783	-2.334	-2.408	0.4787	0.0000	1.5	1	-15.196	3.2971408367
	8.80	2.7195532322	2.7196	2.1041	3.6686	2.3889	-0.490	2.043	1.054	-0.101	-0.702	-1.193	-1.923	-2.489	-2.566	0.4787	0.0000	1.7	1	-15.198	3.2972543240
	8.80	2.7204897404	2.7205	2.1672	3.6631	2.3039	-0.648	2.007	0.960	-0.224	-0.840	-1.345	-2.096	-2.680	-2.761	0.4787	0.0000	1.9	1	-15.198	3.2972788811
	8.80	2.7207429409	2.7207	2.2184	3.6589	2.2360	-0.776	1.974	0.881	-0.325	-0.953	-1.468	-2.236	-2.833	-2.917	0.4787	0.0000	2.2	1	-15.198	3.2972853184
	8.80	2.7208223343	2.7208	2.2433	3.6570	2.2033	-0.838	1.957	0.842	-0.375	-1.009	-1.528	-2.304	-2.907	-2.992	0.4787	0.0000	2.3	1	-15.197	3.2972874641
	8.80	2.7209231853	2.7209	2.2991	3.6526	2.1301	-0.978	1.919	0.754	-0.487	-1.133	-1.662	-2.456	-3.073	-3.160	0.4787	0.0000	2.6	1	-15.197	3.2972900867
	8.80	2.7210206985	2.7210	2.3571	3.6482	2.0546	-1.123	1.881	0.664	-0.601	-1.259	-1.800	-2.613	-3.243	-3.334	0.4787	0.0000	3.0	1	-15.197	3.2972927094
	8.80	2.7211318016	2.7211	2.4100	3.6442	1.9856	-1.255	1.852	0.587	-0.700	-1.371	-1.925	-2.755	-3.399	-3.493	0.4787	0.0000	3.3	1	-15.196	3.2972955704
	8.80	2.7222697735	2.7223	2.3787	3.6466	2.0268	-1.177	1.867	0.632	-0.642	-1.305	-1.851	-2.671	-3.307	-3.399	0.4787	0.0000	3.1	1	-15.197	3.2973253727
	8.80	2.7258329391	2.7258	2.4647	3.6400	1.9149	-1.392	1.827	0.508	-0.802	-1.487	-2.053	-2.902	-3.560	-3.657	0.4787	0.0000	3.8	1	-15.198	3.2974181175
	8.80	2.7267937660	2.7268	2.5343	3.6346	1.8238	-1.566	1.799	0.409	-0.932	-1.634	-2.217	-3.089	-3.765	-3.867	0.4787	0.0000	4.4	1	-15.197	3.2974431515
	8.80	2.7276368141	2.7276	2.6136	3.6288	1.7215	-1.764	1.763	0.292	-1.083	-1.804	-2.404	-3.301	-3.997	-4.103	0.4787	0.0000	5.3	1	-15.196	3.2974650860
	8.80	2.7283751965	2.7284	2.6994	3.6215	1.6066	-1.979	1.756	0.189	-1.227	-1.974	-2.602	-3.532	-4.252	-4.365	0.4787	0.0000	6.4	1	-15.195	3.2974843979
	8.80	2.7289423943	2.7289	2.7800	3.6153	1.5010	-2.180	1.745	0.095	-1.358	-2.130	-2.787	-3.747	-4.488	-4.608	0.4787	0.0000	7.7	1	-15.193	3.2974989414
	8.80	2.7293303013	2.7293	2.8409	3.6102	1.4199	-2.332	1.752	0.029	-1.454	-2.246	-2.926	-3.911	-4.668	-4.793	0.4787	0.0000	8.9	1	-15.191	3.2975089550
	8.80	2.7297739983	2.7298	2.9195	3.6039	1.3162	-2.529	1.755	-0.060	-1.581	-2.399	-3.107	-4.121	-4.899	-5.030	0.4787	0.0000	10.6	1	-15.188	3.2975206375
	8.80	2.7300326824	2.7300	2.9737	3.5993	1.2437	-2.664	1.761	-0.114	-1.663	-2.499	-3.229	-4.267	-5.059	-5.195	0.4787	0.0000	12.0	1	-15.185	3.2975273132
	8.80	2.7302141190	2.7302	3.0193	3.5953	1.1823	-2.778	1.742	-0.148	-1.712	-2.566	-3.326	-4.390	-5.194	-5.335	0.4787	0.0000	13.4	1	-15.182	3.2975320816
	8.80	2.7303793430	2.7304	3.0675	3.5910	1.1167	-2.899	1.724	-0.181	-1.761	-2.637	-3.428	-4.520	-5.339	-5.483	0.4787	0.0000	15.0	1	-15.179	3.2975363731
	8.80	2.7305321693	2.7305	3.1179	3.5863	1.0475	-3.025	1.706	-0.214	-1.812	-2.709	-3.533	-4.656	-5.490	-5.640	0.4787	0.0000	16.9	1	-15.174	3.2975401878
	8.80	2.7306768894	2.7307	3.1736	3.5804	0.9682	-3.164	1.698	-0.236	-1.855	-2.781	-3.647	-4.808	-5.662	-5.817	0.4787	0.0000	19.3	1	-15.168	3.2975440025
	8.80	2.7308158875	2.7308	3.2392	3.5743	0.8781	-3.328	1.668	-0.268	-1.909	-2.868	-3.779	-4.985	-5.860	-6.021	0.4787	0.0000	22.6	1	-15.160	3.2975475788
	8.80	2.7309892178	2.7310	3.3250	3.5663	0.7604	-3.542	1.556	-0.216	-1.855	-2.892	-3.906	-5.225	-6.124	-6.290	0.4787	0.0000	27.7	1	-15.145	3.2975521088
	8.80	2.7311725616	2.7312	3.4073	3.5578	0.6442	-3.748	1.422	-0.146	-1.774	-2.893	-4.018	-5.457	-6.384	-6.555	0.4787	0.0000	33.9	1	-15.125	3.2975568771
	8.80	2.7313685417	2.7314	3.4832	3.5498	0.5364	-3.938	1.277	-0.078	-1.687	-2.883	-4.117	-5.671	-6.627	-6.800	0.4787	0.0000	40.8	1	-15.101	3.2975618839
	8.80	2.7314701080	2.7315	3.5284	3.5447	0.4709	-4.051	1.314	0.053	-1.544	-2.810	-4.132	-5.799	-6.764	-6.944	0.4787	0.0000	45.7	1	-15.002	3.2975645065
	8.80	2.7314870358	2.7315	3.5691	3.5399	0.4108	-4.153	1.356	0.186	-1.399	-2.731	-4.138	-5.914	-6.889	-7.076	0.4787	0.0000	50.7	1	-14.540	3.2975649834
	8.80	2.7315042019	2.7315	3.6024	3.5367	0.3646	-4.236	1.366	0.256	-1.321	-2.696	-4.159	-6.007	-6.988	-7.179	0.4787	0.0000	54.9	1	-14.183	3.2975654602
	8.80	2.7315046787	2.7315	3.6024	3.5397	0.3766	-4.236	1.279	0.112	-1.473	-2.807	-4.218	-5.998	-6.973	-7.160	0.4213	0.0000	53.8	1	-14.263	3.2975654602
	8.80	2.7318313122	2.7318	3.7128	3.5319	0.2352	-4.512	1.230	0.210	-1.355	-2.795	-4.342	-6.296	-7.287	-7.484	0.3489	0.5744	68.6	1	-13.127	3.2975738049
	8.80	2.7321372032	2.7321	3.7864	3.5241	0.1307	-4.696	1.276	0.406	-1.140	-2.688	-4.369	-6.502	-7.507	-7.714	0.3489	0.5837	82.2	1	-12.279	3.2975816727
	8.80	2.7324357033	2.7324	3.8495	3.5174	0.0406	-4.854	1.372	0.628	-0.916	-2.564	-4.352	-6.676	-7.690	-7.903	0.3489	0.5951	96.0	1	-11.529	3.2975895405
	8.80	2.7327466011	2.7327	3.9044	3.5114	-0.0381	-4.991	1.458	0.827	-0.716	-2.451	-4.335	-6.827	-7.850	-8.068	0.3489	0.6102	110.0	1	-10.856	3.2975976467
	8.80	2.7330677509	2.7330	3.9559	3.5054	-0.1135	-5.120	1.554	1.035	-0.506	-2.330	-4.309	-6.970	-8.000	-8.224	0.3835	0.6268	125.3	1	-10.192	3.2976057529
	8.80	2.7334818840	2.7332	4.0066	3.4984	-0.1924	-5.246	1.672	1.283	-0.262	-2.191	-4.266	-7.113	-8.150	-8.381	0.5353	0.6448	143.6	1	-9.471	3.2976164818
	8.80	2.7336606979	2.7329	4.0204	3.4893	-0.2427	-5.281	1.865	1.635	0.064	-2.010	-4.137	-7.165	-8.201	-8.440	0.6098	0.6508	156.7	1	-8.994	3.2976212502
	8.80	2.7338366508	2.7322	4.0339	3.4846	-0.2749	-5.315	1.947	1.797	0.213	-1.934	-4.088	-7.209	-8.243	-8.487	0.6812	0.6568	396.1	0	-7.992	3.2976257801
	8.80	2.7341814041	2.7304	4.0573	3.4769	-0.3293	-5.373	2.080	2.064	0.458	-1.810	-4.008	-7.282	-8.316	-8.566	0.8353	0.6674	455.3	0	-7.591	3.2976346016
	8.80	2.7346787453	2.7161	4.0806	3.4554	-0.4412	-5.432	0.801	-0.406	-2.545	-3.845	-5.072	-6.862	-8.014	-8.428	1.1101	0.6797	172.3	0	-7.486	3.2976474762
	8.80	2.7348392010	2.7022	4.0876	3.4472	-0.4831	-5.449	1.035	-0.236	-2.463	-3.803	-5.063	-6.884	-8.039	-8.463	1.2018	0.6835	178.6	0	-7.403	3.2976515293
	8.80	2.7349963188	2.6769	4.0940	3.4384	-0.5286	-5.465	1.280	-0.062	-2.377	-3.759	-5.055	-6.907	-8.057	-8.488	1.2913	0.6872	188.3	0	-7.319	3.2976555824
	8.80	2.7351489067	2.6161	4.0988	3.4235	-0.6031	-5.477	1.712	0.249	-2.216	-3.669	-5.025	-6.931	-8.071	-8.516	1.3795	0.6909	206.7	0	-7.191	3.2976596355
	8.80	2.7352957726	2.4020	4.0996	3.4061	-0.7105	-5.479	2.225	0.619	-2.016	-3.554	-4.980	-6.949	-8.072	-8.534	1.4707	0.6950	280.7	0	-7.054	3.2976634502
	8.80	2.7354342937	0.7011	4.0456	3.7213	0.0693	-5.344	-3.317	-4.241	-5.233	-5.715	-6.095	-6.624	-6.977	-7.039	1.5092	0.7011	399.4	0	-15.332	3.2976670265
