# File generated by CMD 2.2 (http://stev.oapd.inaf.it/cmd) on Mon Sep 14 22:15:40 CEST 2009
# Basic reference: Marigo et al. (2008, A&A 482, 883) 
# Photometric system: <i>UBVRIJHK</i> (cf. Maiz-Apellaniz 2006 + Bessell 1990)
# BCs of Carbon stars derive from Loidl et al. (2001)
# O-rich circumstellar dust ignored
# C-rich circumstellar dust ignored
# IMF: Chabrier (2001) lognormal 
# Kind of output: isochrone tables
#	Isochrone	Z = 0.01600		Age = 	6.000e+08 yr
# log(age/yr)	M_ini   	M_act	logL/Lo	logTe	logG	mbol    U       B       V       R       I       J       H       K	C/O	M_hec	period	pmode	logMdot	int_IMF
	8.78	0.1500000060	0.1500	-2.4989	3.5227	5.1498	11.017	15.966	14.463	12.881	11.768	10.439	9.208	8.656	8.407	0.4787	0.0000	0.0	1	-17.817	1.9609395266
	8.78	0.2000000030	0.2000	-2.2239	3.5443	5.0859	10.330	14.806	13.420	11.915	10.880	9.706	8.574	8.008	7.770	0.4787	0.0000	0.0	1	-17.692	2.2217822075
	8.78	0.2500000000	0.2500	-2.0362	3.5558	5.0412	9.861	14.072	12.765	11.313	10.314	9.214	8.128	7.553	7.330	0.4787	0.0000	0.0	1	-17.573	2.4080901146
	8.78	0.3000000119	0.3000	-1.8872	3.5649	5.0079	9.488	13.473	12.243	10.842	9.867	8.824	7.768	7.189	6.983	0.4787	0.0000	0.0	1	-16.636	2.5475041866
	8.78	0.3499999940	0.3500	-1.7592	3.5733	4.9806	9.168	12.953	11.794	10.438	9.484	8.487	7.459	6.876	6.687	0.4787	0.0000	0.0	1	-15.843	2.6555202007
	8.78	0.4000000060	0.4000	-1.6181	3.5810	4.9281	8.815	12.461	11.341	10.015	9.081	8.132	7.124	6.528	6.353	0.4787	0.0000	0.0	1	-15.157	2.7413372993
	8.78	0.4499999881	0.4500	-1.4949	3.5900	4.8920	8.507	11.988	10.900	9.602	8.698	7.823	6.849	6.227	6.070	0.4787	0.0000	0.0	1	-14.551	2.8109800816
	8.78	0.5000000000	0.5000	-1.3733	3.6004	4.8578	8.203	11.491	10.433	9.166	8.300	7.519	6.587	5.931	5.797	0.4787	0.0000	0.0	1	-14.009	2.8684780598
	8.78	0.5500000119	0.5500	-1.2420	3.6118	4.8138	7.875	11.035	9.986	8.746	7.916	7.197	6.296	5.624	5.502	0.4787	0.0000	0.0	1	-13.519	2.9166350365
	8.78	0.6000000238	0.6000	-1.1160	3.6245	4.7761	7.560	10.574	9.537	8.327	7.537	6.888	6.022	5.334	5.226	0.4787	0.0000	0.0	1	-13.072	2.9573988914
	8.78	0.6999999881	0.7000	-0.8505	3.6539	4.6953	6.896	9.439	8.533	7.438	6.751	6.211	5.440	4.797	4.714	0.4787	0.0000	0.0	1	-12.279	3.0225379467
	8.78	0.8801328540	0.8801	-0.3824	3.7198	4.5900	5.726	7.156	6.742	5.901	5.425	5.028	4.483	4.038	3.989	0.4787	0.0000	0.0	1	-11.613	3.1033451557
	8.78	0.9996945858	0.9996	-0.1052	3.7544	4.5065	5.033	5.976	5.808	5.113	4.714	4.375	3.932	3.574	3.538	0.4787	0.0000	0.0	1	-12.836	3.1407203674
	8.78	1.1403986216	1.1403	0.1777	3.7887	4.4182	4.326	4.911	4.903	4.352	4.022	3.736	3.384	3.102	3.076	0.4787	0.0000	0.0	1	-13.973	3.1742122173
	8.78	1.1675051451	1.1674	0.2316	3.7953	4.4007	4.191	4.721	4.734	4.209	3.892	3.616	3.281	3.013	2.989	0.4787	0.0000	0.0	1	-14.093	3.1796674728
	8.78	1.2168778181	1.2167	0.3273	3.8069	4.3695	3.952	4.403	4.439	3.959	3.664	3.406	3.100	2.855	2.834	0.4787	0.0000	0.0	1	-14.257	3.1889314651
	8.78	1.2507481575	1.2505	0.3907	3.8145	4.3485	3.793	4.201	4.246	3.794	3.514	3.269	2.981	2.751	2.732	0.4787	0.0000	0.0	1	-14.340	3.1948308945
	8.78	1.2761687040	1.2759	0.4369	3.8200	4.3327	3.678	4.055	4.106	3.674	3.404	3.168	2.893	2.674	2.656	0.4787	0.0000	0.0	1	-14.390	3.1990349293
	8.78	1.2963546515	1.2961	0.4727	3.8241	4.3202	3.588	3.943	3.998	3.581	3.319	3.089	2.824	2.614	2.597	0.4787	0.0000	0.0	1	-14.425	3.2022404671
	8.78	1.3129142523	1.3126	0.5011	3.8273	4.3104	3.517	3.859	3.914	3.508	3.252	3.028	2.771	2.567	2.550	0.4787	0.0000	0.0	1	-14.450	3.2047867775
	8.78	1.3198671341	1.3196	0.5122	3.8286	4.3068	3.489	3.827	3.881	3.479	3.226	3.004	2.750	2.549	2.532	0.4787	0.0000	0.0	1	-14.460	3.2058343887
	8.78	1.4160770178	1.4157	0.6589	3.8481	4.2686	3.123	3.396	3.441	3.100	2.886	2.697	2.486	2.323	2.310	0.4787	0.0000	0.0	1	-14.568	3.2191381454
	8.78	1.4198671579	1.4195	0.6645	3.8489	4.2671	3.109	3.379	3.424	3.086	2.873	2.685	2.476	2.315	2.301	0.4787	0.0000	0.0	1	-14.572	3.2196204662
	8.78	1.4211752415	1.4208	0.6663	3.8492	4.2669	3.104	3.374	3.419	3.081	2.869	2.681	2.473	2.312	2.299	0.4787	0.0000	0.0	1	-14.573	3.2197864056
	8.78	1.6000000238	1.5993	0.9075	3.8845	4.2184	2.501	2.709	2.706	2.466	2.324	2.202	2.068	1.972	1.962	0.4787	0.0000	0.0	1	-14.702	3.2395837307
	8.78	1.6352400780	1.6345	0.9503	3.8909	4.2105	2.394	2.594	2.582	2.359	2.230	2.120	1.998	1.913	1.903	0.4787	0.0000	0.1	1	-14.724	3.2429022789
	8.78	1.7801328897	1.7791	1.1186	3.9119	4.1631	1.973	2.150	2.110	1.948	1.861	1.788	1.706	1.651	1.643	0.4787	0.0000	0.1	1	-14.803	3.2549221516
	8.78	1.7811863422	1.7802	1.1198	3.9120	4.1628	1.971	2.147	2.107	1.945	1.859	1.786	1.703	1.649	1.641	0.4787	0.0000	0.1	1	-14.804	3.2550010681
	8.78	1.9051470757	1.9050	1.2551	3.9250	4.1087	1.632	1.795	1.737	1.618	1.558	1.507	1.447	1.410	1.403	0.4787	0.0000	0.1	1	-14.866	3.2635676861
	8.78	1.9201992750	1.9202	1.2712	3.9262	4.1011	1.592	1.753	1.696	1.581	1.522	1.473	1.415	1.379	1.372	0.4787	0.0000	0.1	1	-14.874	3.2645187378
	8.78	1.9801328182	1.9801	1.3345	3.9296	4.0645	1.434	1.591	1.533	1.429	1.376	1.332	1.279	1.247	1.240	0.4787	0.0000	0.1	1	-14.902	3.2681353092
	8.78	2.0065743923	2.0066	1.3619	3.9312	4.0495	1.365	1.520	1.463	1.364	1.314	1.273	1.221	1.191	1.184	0.4787	0.0000	0.1	1	-14.915	3.2696492672
	8.78	2.0914456844	2.0914	1.4488	3.9341	3.9921	1.148	1.298	1.240	1.152	1.107	1.071	1.023	0.996	0.990	0.4787	0.0000	0.1	1	-14.953	3.2741904259
	8.78	2.1628816128	2.1629	1.5209	3.9337	3.9329	0.968	1.115	1.054	0.970	0.926	0.889	0.841	0.814	0.807	0.4787	0.0000	0.1	1	-14.985	3.2776713371
	8.78	2.2000000477	2.2000	1.5577	3.9319	3.8962	0.876	1.024	0.959	0.873	0.827	0.789	0.738	0.709	0.702	0.4787	0.0000	0.1	1	-15.001	3.2793695927
	8.78	2.2303593159	2.2304	1.5874	3.9304	3.8664	0.802	0.950	0.882	0.795	0.747	0.707	0.654	0.624	0.617	0.4787	0.0000	0.1	1	-15.013	3.2807064056
	8.78	2.2837281227	2.2837	1.6386	3.9250	3.8040	0.674	0.827	0.747	0.653	0.599	0.554	0.492	0.458	0.450	0.4787	0.0000	0.1	1	-15.035	3.2829494476
	8.78	2.3297674656	2.3298	1.6813	3.9175	3.7400	0.567	0.731	0.648	0.535	0.470	0.414	0.339	0.296	0.287	0.4787	0.0000	0.1	1	-15.054	3.2847821712
	8.78	2.3696577549	2.3697	1.7172	3.9085	3.6753	0.477	0.656	0.567	0.433	0.353	0.284	0.193	0.140	0.130	0.4787	0.0000	0.1	1	-15.070	3.2862987518
	8.78	2.4043109417	2.4043	1.7481	3.8987	3.6115	0.400	0.597	0.500	0.342	0.247	0.164	0.056	-0.009	-0.021	0.4787	0.0000	0.2	1	-15.083	3.2875657082
	8.78	2.4199242592	2.4199	1.7630	3.8942	3.5817	0.363	0.569	0.473	0.303	0.199	0.109	-0.008	-0.079	-0.092	0.4787	0.0000	0.2	1	-15.090	3.2881217003
	8.78	2.4344213009	2.4344	1.7789	3.8911	3.5558	0.323	0.535	0.440	0.261	0.151	0.056	-0.067	-0.142	-0.155	0.4787	0.0000	0.2	1	-15.095	3.2886300087
	8.78	2.4425010681	2.4425	1.7899	3.8907	3.5445	0.295	0.509	0.413	0.233	0.123	0.027	-0.097	-0.172	-0.186	0.4787	0.0000	0.2	1	-15.098	3.2889101505
	8.78	2.4509775639	2.4510	1.8080	3.8945	3.5434	0.250	0.456	0.356	0.189	0.087	-0.002	-0.118	-0.188	-0.201	0.4787	0.0000	0.2	1	-15.101	3.2892012596
	8.78	2.4562749863	2.4563	1.8290	3.9033	3.5585	0.197	0.386	0.283	0.143	0.057	-0.017	-0.117	-0.175	-0.187	0.4787	0.0000	0.2	1	-15.103	3.2893822193
	8.78	2.4598486423	2.4598	1.8648	3.9222	3.5990	0.108	0.258	0.167	0.079	0.026	-0.022	-0.088	-0.124	-0.133	0.4787	0.0000	0.2	1	-15.105	3.2895035744
	8.78	2.4608659744	2.4609	1.8985	3.9387	3.6315	0.024	0.146	0.086	0.035	0.002	-0.025	-0.066	-0.088	-0.093	0.4787	0.0000	0.2	1	-15.105	3.2895381451
	8.78	2.4614338875	2.4614	1.9416	3.9569	3.6610	-0.084	0.016	-0.002	-0.018	-0.031	-0.040	-0.055	-0.063	-0.065	0.4787	0.0000	0.1	1	-15.105	3.2895572186
	8.78	2.4615318775	2.4615	1.9240	3.9537	3.6659	-0.040	0.063	0.036	0.014	-0.002	-0.014	-0.033	-0.043	-0.045	0.4787	0.0000	0.1	1	-15.105	3.2895605564
	8.78	2.4616382122	2.4616	1.8920	3.9430	3.6553	0.040	0.157	0.106	0.063	0.035	0.012	-0.023	-0.040	-0.045	0.4787	0.0000	0.1	1	-15.105	3.2895641327
	8.78	2.4618093967	2.4618	1.8790	3.9279	3.6080	0.073	0.213	0.129	0.055	0.010	-0.030	-0.088	-0.118	-0.126	0.4787	0.0000	0.2	1	-15.106	3.2895700932
	8.78	2.4620745182	2.4621	1.8882	3.9104	3.5287	0.050	0.223	0.120	0.004	-0.069	-0.133	-0.220	-0.269	-0.280	0.4787	0.0000	0.2	1	-15.106	3.2895789146
	8.78	2.4624748230	2.4625	1.8992	3.8900	3.4363	0.022	0.237	0.130	-0.044	-0.152	-0.247	-0.372	-0.447	-0.462	0.4787	0.0000	0.2	1	-15.106	3.2895925045
	8.78	2.4626016617	2.4626	1.9010	3.8841	3.4108	0.018	0.245	0.141	-0.051	-0.171	-0.276	-0.412	-0.496	-0.511	0.4787	0.0000	0.2	1	-15.106	3.2895967960
	8.78	2.4630382061	2.4630	1.8981	3.8663	3.3424	0.025	0.296	0.203	-0.045	-0.201	-0.338	-0.509	-0.621	-0.639	0.4787	0.0000	0.3	1	-15.106	3.2896115780
	8.78	2.4635746479	2.4636	1.8895	3.8456	3.2686	0.046	0.380	0.298	-0.015	-0.214	-0.388	-0.604	-0.753	-0.773	0.4787	0.0000	0.3	1	-15.106	3.2896296978
	8.78	2.4641866684	2.4642	1.8747	3.8228	3.1920	0.083	0.508	0.430	0.041	-0.205	-0.422	-0.689	-0.883	-0.908	0.4787	0.0000	0.3	1	-15.106	3.2896504402
	8.78	2.4646234512	2.4646	1.8605	3.8070	3.1433	0.119	0.631	0.543	0.094	-0.184	-0.429	-0.735	-0.962	-0.989	0.4787	0.0000	0.4	1	-15.107	3.2896652222
	8.78	2.4650664330	2.4651	1.8418	3.7925	3.1039	0.166	0.777	0.670	0.160	-0.148	-0.419	-0.761	-1.019	-1.049	0.4787	0.0000	0.4	1	-15.107	3.2896800041
	8.78	2.4657275677	2.4657	1.8045	3.7724	3.0609	0.259	1.038	0.883	0.286	-0.064	-0.370	-0.764	-1.067	-1.102	0.4787	0.0000	0.4	1	-15.107	3.2897024155
	8.78	2.4663650990	2.4664	1.7532	3.7542	3.0397	0.387	1.365	1.136	0.452	0.063	-0.275	-0.717	-1.064	-1.104	0.4787	0.0000	0.4	1	-15.107	3.2897238731
	8.78	2.4669699669	2.4670	1.6897	3.7383	3.0397	0.546	1.729	1.414	0.651	0.228	-0.137	-0.626	-1.012	-1.057	0.4787	0.0000	0.4	1	-15.107	3.2897441387
	8.78	2.4673564434	2.4674	1.6481	3.7292	3.0450	0.650	1.956	1.588	0.780	0.337	-0.043	-0.560	-0.969	-1.016	0.4787	0.0000	0.4	1	-15.108	3.2897572517
	8.78	2.4679231644	2.4679	1.6127	3.7171	3.0320	0.738	2.227	1.776	0.908	0.438	0.037	-0.518	-0.960	-1.011	0.4787	0.0000	0.4	1	-15.108	3.2897763252
	8.78	2.4681117535	2.4681	1.6062	3.7134	3.0236	0.755	2.303	1.824	0.938	0.459	0.052	-0.516	-0.968	-1.021	0.4787	0.0000	0.4	1	-15.108	3.2897827625
	8.78	2.4689140320	2.4689	1.6568	3.7023	2.9287	0.628	2.360	1.793	0.850	0.346	-0.080	-0.684	-1.167	-1.223	0.4787	0.0000	0.5	1	-15.108	3.2898097038
	8.78	2.4697158337	2.4697	1.7244	3.6950	2.8324	0.459	2.322	1.692	0.713	0.191	-0.248	-0.878	-1.381	-1.441	0.4787	0.0000	0.6	1	-15.108	3.2898366451
	8.78	2.4704549313	2.4705	1.7862	3.6901	2.7509	0.305	2.263	1.586	0.582	0.048	-0.401	-1.049	-1.567	-1.629	0.4787	0.0000	0.7	1	-15.108	3.2898614407
	8.78	2.4713582993	2.4714	1.8625	3.6849	2.6542	0.114	2.173	1.447	0.415	-0.131	-0.590	-1.257	-1.790	-1.855	0.4787	0.0000	0.8	1	-15.109	3.2898917198
	8.78	2.4720575809	2.4721	1.9220	3.6806	2.5774	-0.035	2.110	1.342	0.286	-0.270	-0.738	-1.420	-1.966	-2.033	0.4787	0.0000	0.9	1	-15.109	3.2899150848
	8.78	2.4728250504	2.4728	1.9881	3.6760	2.4930	-0.200	2.038	1.224	0.142	-0.425	-0.901	-1.601	-2.160	-2.229	0.4787	0.0000	1.1	1	-15.109	3.2899408340
	8.78	2.4734754562	2.4735	2.0446	3.6723	2.4219	-0.342	1.975	1.123	0.022	-0.555	-1.039	-1.753	-2.324	-2.395	0.4787	0.0000	1.2	1	-15.109	3.2899625301
	8.78	2.4741587639	2.4742	2.1047	3.6687	2.3475	-0.492	1.905	1.014	-0.106	-0.694	-1.185	-1.914	-2.496	-2.569	0.4787	0.0000	1.4	1	-15.109	3.2899854183
	8.78	2.4748394489	2.4748	2.1653	3.6650	2.2721	-0.643	1.837	0.905	-0.234	-0.833	-1.333	-2.076	-2.670	-2.746	0.4787	0.0000	1.6	1	-15.109	3.2900080681
	8.78	2.4754838943	2.4755	2.2236	3.6612	2.1988	-0.789	1.777	0.803	-0.357	-0.965	-1.474	-2.232	-2.838	-2.917	0.4787	0.0000	1.8	1	-15.109	3.2900297642
	8.78	2.4761071205	2.4761	2.2827	3.6571	2.1236	-0.937	1.721	0.702	-0.480	-1.099	-1.617	-2.391	-3.011	-3.092	0.4787	0.0000	2.1	1	-15.109	3.2900505066
	8.78	2.4766757488	2.4767	2.3387	3.6531	2.0517	-1.077	1.672	0.609	-0.595	-1.226	-1.752	-2.543	-3.175	-3.258	0.4787	0.0000	2.3	1	-15.109	3.2900693417
	8.78	2.4772441387	2.4772	2.3960	3.6489	1.9777	-1.220	1.628	0.516	-0.712	-1.353	-1.890	-2.697	-3.343	-3.430	0.4787	0.0000	2.7	1	-15.109	3.2900884151
	8.78	2.4777812958	2.4778	2.4508	3.6447	1.9062	-1.357	1.600	0.436	-0.815	-1.470	-2.018	-2.844	-3.505	-3.594	0.4787	0.0000	3.0	1	-15.109	3.2901062965
	8.78	2.4783546925	2.4784	2.4998	3.6407	1.8411	-1.480	1.582	0.367	-0.905	-1.573	-2.133	-2.976	-3.651	-3.743	0.4787	0.0000	3.4	1	-15.108	3.2901253700
	8.78	2.4783897400	2.4784	2.5027	3.6404	1.8372	-1.487	1.581	0.363	-0.911	-1.579	-2.140	-2.984	-3.660	-3.752	0.4787	0.0000	3.4	1	-15.108	3.2901265621
	8.78	2.4785478115	2.4785	2.4742	3.6430	1.8758	-1.415	1.588	0.401	-0.859	-1.520	-2.074	-2.907	-3.574	-3.664	0.4787	0.0000	3.2	1	-15.109	3.2901318073
	8.78	2.4786596298	2.4787	2.4537	3.6448	1.9036	-1.364	1.593	0.428	-0.822	-1.477	-2.026	-2.851	-3.512	-3.601	0.4787	0.0000	3.0	1	-15.109	3.2901356220
	8.78	2.4788403511	2.4788	2.4195	3.6474	1.9484	-1.279	1.609	0.478	-0.758	-1.405	-1.946	-2.760	-3.411	-3.498	0.4787	0.0000	2.8	1	-15.109	3.2901415825
	8.78	2.4791569710	2.4792	2.3680	3.6513	2.0156	-1.150	1.640	0.556	-0.658	-1.293	-1.824	-2.621	-3.259	-3.344	0.4787	0.0000	2.5	1	-15.110	3.2901520729
	8.78	2.4795949459	2.4796	2.3146	3.6552	2.0845	-1.016	1.686	0.645	-0.548	-1.172	-1.694	-2.477	-3.102	-3.184	0.4787	0.0000	2.2	1	-15.110	3.2901666164
	8.78	2.4801759720	2.4802	2.2518	3.6596	2.1652	-0.860	1.742	0.751	-0.418	-1.031	-1.543	-2.307	-2.918	-2.998	0.4787	0.0000	1.9	1	-15.111	3.2901859283
	8.78	2.4811396599	2.4811	2.1571	3.6662	2.2865	-0.623	1.832	0.912	-0.222	-0.816	-1.314	-2.052	-2.642	-2.717	0.4787	0.0000	1.6	1	-15.112	3.2902178764
	8.78	2.4819731712	2.4820	2.0780	3.6714	2.3863	-0.425	1.915	1.051	-0.056	-0.636	-1.122	-1.839	-2.413	-2.485	0.4787	0.0000	1.3	1	-15.112	3.2902455330
	8.78	2.4828209877	2.4828	2.0017	3.6765	2.4832	-0.234	1.996	1.185	0.106	-0.461	-0.936	-1.634	-2.191	-2.259	0.4787	0.0000	1.1	1	-15.113	3.2902736664
	8.78	2.4838016033	2.4838	1.9295	3.6818	2.5768	-0.054	2.071	1.312	0.262	-0.292	-0.757	-1.435	-1.977	-2.043	0.4787	0.0000	0.9	1	-15.113	3.2903060913
	8.78	2.4853947163	2.4854	1.8457	3.6881	2.6860	0.156	2.157	1.458	0.442	-0.097	-0.550	-1.205	-1.728	-1.791	0.4787	0.0000	0.8	1	-15.114	3.2903590202
	8.78	2.4880752563	2.4881	1.7635	3.6944	2.7939	0.361	2.241	1.601	0.618	0.095	-0.346	-0.978	-1.483	-1.543	0.4787	0.0000	0.6	1	-15.115	3.2904474735
	8.78	2.4925475121	2.4925	1.7110	3.6999	2.8692	0.493	2.269	1.679	0.723	0.214	-0.216	-0.829	-1.317	-1.375	0.4787	0.0000	0.6	1	-15.117	3.2905945778
	8.78	2.5000000000	2.5000	1.7194	3.6999	2.8622	0.472	2.248	1.658	0.702	0.193	-0.238	-0.850	-1.338	-1.396	0.4787	0.0000	0.6	1	-15.120	3.2908382416
	8.78	2.5537197590	2.5537	1.7907	3.6996	2.7989	0.293	2.081	1.484	0.524	0.014	-0.416	-1.029	-1.518	-1.576	0.4787	0.0000	0.8	1	-15.139	3.2925410271
	8.78	2.5906567574	2.5907	1.8418	3.6997	2.7545	0.165	1.956	1.356	0.395	-0.114	-0.545	-1.157	-1.645	-1.703	0.4787	0.0000	0.9	1	-15.153	3.2936589718
	8.78	2.6512832642	2.6513	1.9280	3.6981	2.6719	-0.050	1.778	1.158	0.187	-0.327	-0.760	-1.378	-1.870	-1.929	0.4787	0.0000	1.0	1	-15.174	3.2954068184
	8.78	2.7086465359	2.7086	2.0191	3.6929	2.5692	-0.278	1.652	0.982	-0.017	-0.543	-0.986	-1.624	-2.131	-2.192	0.4787	0.0000	1.2	1	-15.194	3.2969672680
	8.78	2.7284045219	2.7284	2.0979	3.6838	2.4570	-0.475	1.632	0.876	-0.171	-0.719	-1.180	-1.851	-2.385	-2.450	0.4787	0.0000	1.5	1	-15.201	3.2974851131
	8.78	2.7305316925	2.7305	2.1706	3.6768	2.3570	-0.656	1.590	0.765	-0.320	-0.886	-1.359	-2.056	-2.610	-2.679	0.4787	0.0000	1.8	1	-15.201	3.2975401878
	8.78	2.7308838367	2.7309	2.2251	3.6721	2.2837	-0.793	1.553	0.680	-0.430	-1.008	-1.492	-2.206	-2.775	-2.847	0.4787	0.0000	2.0	1	-15.201	3.2975492477
	8.78	2.7309408188	2.7309	2.2455	3.6706	2.2571	-0.844	1.536	0.646	-0.471	-1.054	-1.541	-2.262	-2.836	-2.908	0.4787	0.0000	2.1	1	-15.201	3.2975509167
	8.78	2.7310657501	2.7311	2.3134	3.6655	2.1688	-1.013	1.478	0.535	-0.609	-1.206	-1.705	-2.446	-3.036	-3.112	0.4787	0.0000	2.4	1	-15.201	3.2975540161
	8.78	2.7311739922	2.7312	2.3719	3.6611	2.0927	-1.160	1.430	0.439	-0.729	-1.337	-1.846	-2.604	-3.209	-3.288	0.4787	0.0000	2.8	1	-15.200	3.2975568771
	8.78	2.7313406467	2.7313	2.4156	3.6577	2.0356	-1.269	1.396	0.368	-0.818	-1.435	-1.951	-2.723	-3.339	-3.420	0.4787	0.0000	3.1	1	-15.200	3.2975611687
	8.78	2.7322754860	2.7323	2.3944	3.6592	2.0631	-1.216	1.415	0.404	-0.774	-1.387	-1.900	-2.666	-3.276	-3.356	0.4787	0.0000	2.9	1	-15.201	3.2975852489
	8.78	2.7355411053	2.7355	2.4643	3.6536	1.9711	-1.391	1.368	0.294	-0.914	-1.542	-2.067	-2.856	-3.485	-3.569	0.4787	0.0000	3.4	1	-15.201	3.2976696491
	8.78	2.7366547585	2.7367	2.5401	3.6477	1.8719	-1.580	1.323	0.178	-1.064	-1.709	-2.248	-3.062	-3.710	-3.797	0.4787	0.0000	4.1	1	-15.201	3.2976984978
	8.78	2.7373974323	2.7374	2.6043	3.6431	1.7893	-1.741	1.285	0.080	-1.187	-1.847	-2.400	-3.233	-3.897	-3.988	0.4787	0.0000	4.7	1	-15.200	3.2977175713
	8.78	2.7381322384	2.7381	2.6802	3.6369	1.6890	-1.931	1.258	-0.027	-1.328	-2.008	-2.577	-3.437	-4.123	-4.218	0.4787	0.0000	5.6	1	-15.199	3.2977364063
	8.78	2.7388248444	2.7388	2.7656	3.6299	1.5757	-2.144	1.232	-0.145	-1.486	-2.188	-2.777	-3.666	-4.377	-4.478	0.4787	0.0000	6.8	1	-15.197	3.2977542877
	8.78	2.7393441200	2.7393	2.8419	3.6239	1.4755	-2.335	1.212	-0.250	-1.627	-2.348	-2.955	-3.871	-4.602	-4.708	0.4787	0.0000	8.1	1	-15.195	3.2977676392
	8.78	2.7397987843	2.7398	2.9185	3.6183	1.3765	-2.526	1.200	-0.346	-1.759	-2.502	-3.132	-4.075	-4.824	-4.936	0.4787	0.0000	9.6	1	-15.193	3.2977793217
	8.78	2.7402212620	2.7402	3.0022	3.6118	1.2668	-2.736	1.201	-0.445	-1.899	-2.669	-3.325	-4.298	-5.069	-5.187	0.4787	0.0000	11.6	1	-15.189	3.2977900505
	8.78	2.7404475212	2.7404	3.0593	3.6072	1.1914	-2.878	1.208	-0.510	-1.994	-2.782	-3.456	-4.450	-5.237	-5.360	0.4787	0.0000	13.2	1	-15.185	3.2977960110
	8.78	2.7406523228	2.7407	3.1259	3.6014	1.1017	-3.045	1.230	-0.579	-2.099	-2.910	-3.606	-4.627	-5.435	-5.564	0.4787	0.0000	15.4	1	-15.180	3.2978012562
	8.78	2.7408359051	2.7408	3.1904	3.5955	1.0136	-3.206	1.232	-0.625	-2.176	-3.014	-3.745	-4.801	-5.628	-5.763	0.4787	0.0000	17.9	1	-15.174	3.2978057861
	8.78	2.7409994602	2.7410	3.2611	3.5894	0.9183	-3.383	1.221	-0.676	-2.257	-3.126	-3.897	-4.992	-5.837	-5.979	0.4787	0.0000	21.1	1	-15.165	3.2978100777
	8.78	2.7411265373	2.7411	3.3168	3.5843	0.8423	-3.522	1.216	-0.711	-2.317	-3.212	-4.015	-5.142	-6.003	-6.150	0.4787	0.0000	24.1	1	-15.157	3.2978134155
	8.78	2.7412593365	2.7413	3.3732	3.5793	0.7660	-3.663	1.206	-0.751	-2.381	-3.301	-4.135	-5.293	-6.171	-6.323	0.4787	0.0000	27.5	1	-15.147	3.2978167534
	8.78	2.7414610386	2.7415	3.4424	3.5730	0.6716	-3.836	1.174	-0.767	-2.418	-3.381	-4.269	-5.482	-6.379	-6.538	0.4787	0.0000	32.3	1	-15.131	3.2978219986
	8.78	2.7415587902	2.7416	3.4807	3.5689	0.6170	-3.932	1.131	-0.721	-2.370	-3.373	-4.320	-5.593	-6.500	-6.661	0.4787	0.0000	35.5	1	-15.119	3.2978243828
	8.78	2.7415771484	2.7416	3.4983	3.5672	0.5925	-3.976	1.108	-0.705	-2.353	-3.374	-4.345	-5.643	-6.554	-6.717	0.4787	0.0000	37.1	1	-15.114	3.2978248596
	8.78	2.7415926456	2.7416	3.5169	3.5653	0.5662	-4.022	1.082	-0.687	-2.332	-3.372	-4.372	-5.697	-6.613	-6.777	0.4787	0.0000	38.8	1	-15.108	3.2978253365
	8.78	2.7416214943	2.7416	3.5722	3.5594	0.4872	-4.160	0.998	-0.624	-2.261	-3.360	-4.446	-5.857	-6.788	-6.956	0.4787	0.0000	44.4	1	-14.857	3.2978260517
	8.78	2.7416276932	2.7416	3.5818	3.5584	0.4737	-4.185	0.981	-0.616	-2.250	-3.359	-4.459	-5.885	-6.818	-6.987	0.4787	0.0000	45.5	1	-14.753	3.2978262901
	8.78	2.7416288853	2.7416	3.5820	3.5616	0.4862	-4.185	0.963	-0.721	-2.364	-3.441	-4.494	-5.873	-6.798	-6.965	0.3979	0.0000	44.5	1	-14.835	3.2978262901
	8.78	2.7421567440	2.7422	3.7240	3.5501	0.2985	-4.540	0.674	-0.697	-2.312	-3.503	-4.726	-6.270	-7.227	-7.400	0.3549	0.5802	61.6	1	-13.360	3.2978396416
	8.78	2.7428007126	2.7428	3.8492	3.5376	0.1234	-4.853	0.725	-0.407	-1.989	-3.351	-4.795	-6.620	-7.600	-7.790	0.3549	0.6006	83.3	1	-11.944	3.2978563309
	8.78	2.7435429096	2.7433	3.9564	3.5258	-0.0309	-5.121	0.796	-0.107	-1.655	-3.179	-4.832	-6.923	-7.925	-8.130	0.4292	0.6308	108.8	1	-10.639	3.2978751659
	8.78	2.7443253994	2.7438	4.0444	3.5148	-0.1628	-5.341	0.981	0.285	-1.259	-2.944	-4.773	-7.169	-8.187	-8.402	0.6356	0.6680	136.6	1	-9.458	3.2978951931
	8.78	2.7447569370	2.7440	4.0763	3.5052	-0.2333	-5.421	1.264	0.750	-0.792	-2.619	-4.603	-7.272	-8.303	-8.527	0.9036	0.6834	154.3	1	-8.793	3.2979061604
	8.78	2.7448632717	2.7439	4.0840	3.5028	-0.2504	-5.440	1.333	0.863	-0.677	-2.540	-4.561	-7.296	-8.331	-8.557	0.9719	0.6871	158.9	1	-8.627	3.2979090214
	8.78	2.7449288368	2.7430	4.0857	3.4947	-0.2848	-5.444	-0.450	-1.379	-3.103	-4.204	-5.257	-6.875	-7.950	-8.302	1.0355	0.6881	119.9	1	-7.901	3.2979106903
	8.78	2.7451217175	2.7402	4.0907	3.4746	-0.3704	-5.457	0.175	-0.886	-2.811	-4.018	-5.163	-6.877	-8.010	-8.400	1.2235	0.6909	137.4	0	-7.660	3.2979156971
	8.78	2.7454280853	2.7352	4.0976	3.4627	-0.4260	-5.474	0.531	-0.621	-2.679	-3.944	-5.140	-6.900	-8.045	-8.450	1.5551	0.6950	140.2	0	-7.506	3.2979233265
	8.78	2.7457675934	2.7240	4.1050	3.4557	-0.4630	-5.492	0.730	-0.475	-2.611	-3.909	-5.134	-6.923	-8.074	-8.488	1.8979	0.6995	148.7	0	-7.408	3.2979321480
	8.78	2.7460274696	2.7088	4.1107	3.4514	-0.4883	-5.507	0.850	-0.388	-2.571	-3.890	-5.133	-6.939	-8.095	-8.514	2.1588	0.7031	156.8	0	-7.345	3.2979388237
	8.78	2.7462682724	2.6851	4.1160	3.4473	-0.5137	-5.520	0.959	-0.310	-2.536	-3.875	-5.135	-6.955	-8.110	-8.534	2.3997	0.7066	166.9	0	-7.288	3.2979447842
	8.78	2.7464475632	2.6376	4.1197	3.4433	-0.5414	-5.529	1.071	-0.232	-2.498	-3.856	-5.132	-6.968	-8.120	-8.548	2.5750	0.7093	181.7	0	-7.239	3.2979495525
	8.78	2.7466156483	2.5529	4.1223	3.4378	-0.5799	-5.536	1.226	-0.120	-2.441	-3.826	-5.124	-6.979	-8.128	-8.560	2.7307	0.7120	206.0	0	-7.182	3.2979538441
	8.78	2.7467732430	2.3601	4.1215	3.4281	-0.6521	-5.534	1.518	0.092	-2.326	-3.757	-5.095	-6.984	-8.127	-8.568	2.8804	0.7150	260.1	0	-7.097	3.2979576588
	8.78	2.7468848228	2.0822	4.1178	3.4147	-0.7565	-5.524	1.926	0.390	-2.161	-3.657	-5.048	-6.987	-8.118	-8.572	2.9785	0.7177	376.2	0	-5.019	3.2979605198
	8.78	2.7469208241	1.9212	4.1158	3.4499	-0.6486	-5.519	0.883	-0.365	-2.565	-3.892	-5.141	-6.952	-8.109	-8.531	3.0084	0.7188	399.9	0	-5.362	3.2979614735
	8.78	2.7469558716	1.6676	4.1125	3.4991	-0.5100	-5.511	-0.658	-1.558	-3.237	-4.314	-5.348	-6.945	-8.006	-8.350	3.0302	0.7202	455.0	0	-7.700	3.2979624271
	8.78	2.7469844818	1.3359	4.1088	3.5338	-0.4637	-5.502	-1.615	-2.342	-3.746	-4.652	-5.542	-6.959	-7.895	-8.170	3.0368	0.7212	626.1	0	-7.016	3.2979631424
	8.78	2.7469906807	1.2159	4.1084	3.5722	-0.3509	-5.501	-0.713	-2.576	-4.187	-5.073	-5.891	-7.089	-7.934	-8.125	3.0371	0.7217	586.3	0	-8.655	3.2979633808
	8.78	2.7470242977	0.9375	4.1101	3.7617	0.2927	-5.505	-4.328	-4.857	-5.519	-5.873	-6.178	-6.585	-6.851	-6.905	3.0372	0.7244	176.4	1	-18.134	3.2979640961
	8.78	2.7470514774	0.7263	4.1120	3.9249	0.8327	-5.510	-5.545	-5.497	-5.525	-5.572	-5.621	-5.660	-5.694	-5.694	3.0372	0.7266	154.9	1	-99.999	3.2979648113
