# File generated by CMD 2.2 (http://stev.oapd.inaf.it/cmd) on Mon Sep 14 22:13:19 CEST 2009
# Basic reference: Marigo et al. (2008, A&A 482, 883) 
# Photometric system: <i>UBVRIJHK</i> (cf. Maiz-Apellaniz 2006 + Bessell 1990)
# BCs of Carbon stars derive from Loidl et al. (2001)
# O-rich circumstellar dust ignored
# C-rich circumstellar dust ignored
# IMF: Chabrier (2001) lognormal 
# Kind of output: isochrone tables
#	Isochrone	Z = 0.01600		Age = 	4.000e+08 yr
# log(age/yr)	M_ini   	M_act	logL/Lo	logTe	logG	mbol    U       B       V       R       I       J       H       K	C/O	M_hec	period	pmode	logMdot	int_IMF
	8.60	0.1500000060	0.1500	-2.4991	3.5227	5.1499	11.018	15.967	14.464	12.882	11.769	10.439	9.208	8.656	8.407	0.4787	0.0000	0.0	1	-17.817	1.9609395266
	8.60	0.2000000030	0.2000	-2.2243	3.5442	5.0863	10.331	14.807	13.422	11.916	10.881	9.707	8.575	8.008	7.771	0.4787	0.0000	0.0	1	-17.692	2.2217822075
	8.60	0.2500000000	0.2500	-2.0367	3.5558	5.0416	9.862	14.073	12.766	11.314	10.315	9.215	8.129	7.554	7.331	0.4787	0.0000	0.0	1	-17.573	2.4080901146
	8.60	0.3000000119	0.3000	-1.8877	3.5649	5.0084	9.489	13.474	12.245	10.844	9.869	8.825	7.770	7.190	6.985	0.4787	0.0000	0.0	1	-16.636	2.5475041866
	8.60	0.3499999940	0.3500	-1.7597	3.5733	4.9811	9.169	12.955	11.795	10.439	9.485	8.489	7.460	6.878	6.688	0.4787	0.0000	0.0	1	-15.843	2.6555202007
	8.60	0.4000000060	0.4000	-1.6187	3.5810	4.9286	8.817	12.463	11.343	10.017	9.083	8.133	7.126	6.530	6.354	0.4787	0.0000	0.0	1	-15.157	2.7413372993
	8.60	0.4499999881	0.4500	-1.4955	3.5900	4.8926	8.509	11.990	10.902	9.604	8.700	7.824	6.851	6.229	6.072	0.4787	0.0000	0.0	1	-14.551	2.8109800816
	8.60	0.5000000000	0.5000	-1.3741	3.6004	4.8585	8.205	11.493	10.436	9.169	8.302	7.521	6.589	5.933	5.799	0.4787	0.0000	0.0	1	-14.009	2.8684780598
	8.60	0.5500000119	0.5500	-1.2429	3.6118	4.8145	7.877	11.038	9.989	8.749	7.918	7.199	6.298	5.626	5.504	0.4787	0.0000	0.0	1	-13.519	2.9166350365
	8.60	0.6000000238	0.6000	-1.1171	3.6244	4.7770	7.563	10.577	9.540	8.330	7.540	6.890	6.025	5.337	5.228	0.4787	0.0000	0.0	1	-13.072	2.9573988914
	8.60	0.6999999881	0.7000	-0.8523	3.6539	4.6969	6.901	9.445	8.538	7.443	6.756	6.216	5.444	4.801	4.718	0.4787	0.0000	0.0	1	-12.279	3.0225379467
	8.60	0.8801328540	0.8801	-0.3875	3.7191	4.5926	5.739	7.179	6.760	5.917	5.438	5.041	4.493	4.046	3.997	0.4787	0.0000	0.0	1	-11.613	3.1033451557
	8.60	1.0760772228	1.0760	0.0460	3.7732	4.4626	4.655	5.379	5.315	4.700	4.341	4.030	3.639	3.323	3.293	0.4787	0.0000	0.0	1	-13.569	3.1600747108
	8.60	1.1403986216	1.1403	0.1702	3.7884	4.4243	4.345	4.933	4.924	4.371	4.041	3.753	3.401	3.118	3.092	0.4787	0.0000	0.0	1	-13.973	3.1742122173
	8.60	1.2179555893	1.2178	0.3186	3.8066	4.3774	3.974	4.426	4.463	3.981	3.686	3.427	3.121	2.875	2.854	0.4787	0.0000	0.0	1	-14.260	3.1891245842
	8.60	1.2694617510	1.2693	0.4119	3.8180	4.3475	3.740	4.129	4.178	3.738	3.465	3.225	2.945	2.723	2.704	0.4787	0.0000	0.0	1	-14.378	3.1979441643
	8.60	1.3047957420	1.3046	0.4732	3.8253	4.3277	3.587	3.935	3.992	3.579	3.320	3.092	2.830	2.622	2.605	0.4787	0.0000	0.0	1	-14.438	3.2035474777
	8.60	1.3198671341	1.3197	0.4983	3.8283	4.3194	3.524	3.862	3.918	3.514	3.261	3.038	2.783	2.581	2.564	0.4787	0.0000	0.0	1	-14.460	3.2058343887
	8.60	1.4198671579	1.4196	0.6490	3.8489	4.2829	3.147	3.417	3.464	3.125	2.912	2.724	2.515	2.354	2.340	0.4787	0.0000	0.0	1	-14.572	3.2196204662
	8.60	1.6000000238	1.5996	0.8867	3.8882	4.2543	2.553	2.755	2.752	2.520	2.385	2.269	2.142	2.051	2.042	0.4787	0.0000	0.0	1	-14.703	3.2395837307
	8.60	1.6377868652	1.6373	0.9313	3.8960	4.2510	2.442	2.633	2.620	2.409	2.289	2.187	2.076	1.998	1.989	0.4787	0.0000	0.0	1	-14.725	3.2431354523
	8.60	1.7801328897	1.7795	1.0918	3.9215	4.2284	2.040	2.207	2.166	2.026	1.956	1.898	1.832	1.789	1.782	0.4787	0.0000	0.1	1	-14.803	3.2549221516
	8.60	1.8722981215	1.8720	1.1873	3.9350	4.2091	1.802	1.955	1.916	1.813	1.764	1.725	1.680	1.652	1.647	0.4787	0.0000	0.1	1	-14.850	3.2614288330
	8.60	1.9201992750	1.9202	1.2359	3.9412	4.1965	1.680	1.827	1.792	1.705	1.666	1.635	1.599	1.577	1.573	0.4787	0.0000	0.1	1	-14.874	3.2645187378
	8.60	1.9801328182	1.9801	1.2949	3.9476	4.1763	1.533	1.672	1.641	1.571	1.542	1.519	1.494	1.478	1.474	0.4787	0.0000	0.1	1	-14.902	3.2681353092
	8.60	2.0567088127	2.0567	1.3681	3.9559	4.1525	1.350	1.482	1.465	1.414	1.394	1.380	1.366	1.356	1.354	0.4787	0.0000	0.1	1	-14.938	3.2723882198
	8.60	2.2000000477	2.2000	1.5019	3.9683	4.0978	1.015	1.138	1.148	1.125	1.117	1.115	1.116	1.115	1.115	0.4787	0.0000	0.1	1	-15.001	3.2793695927
	8.60	2.2158625126	2.2159	1.5163	3.9696	4.0917	0.979	1.101	1.114	1.093	1.087	1.086	1.089	1.088	1.089	0.4787	0.0000	0.1	1	-15.007	3.2800736427
	8.60	2.3373799324	2.3374	1.6253	3.9773	4.0366	0.707	0.823	0.854	0.851	0.851	0.857	0.870	0.873	0.876	0.4787	0.0000	0.1	1	-15.057	3.2850766182
	8.60	2.4383337498	2.4383	1.7147	3.9808	3.9797	0.483	0.596	0.637	0.643	0.646	0.654	0.671	0.676	0.680	0.4787	0.0000	0.1	1	-15.097	3.2887659073
	8.60	2.5000000000	2.5000	1.7688	3.9811	3.9375	0.348	0.457	0.501	0.509	0.512	0.521	0.538	0.543	0.547	0.4787	0.0000	0.1	1	-15.120	3.2908382416
	8.60	2.5268056393	2.5268	1.7917	3.9812	3.9194	0.291	0.398	0.443	0.452	0.455	0.464	0.481	0.487	0.491	0.4787	0.0000	0.1	1	-15.130	3.2916996479
	8.60	2.6024293900	2.6024	1.8558	3.9788	3.8589	0.130	0.233	0.272	0.282	0.284	0.291	0.306	0.310	0.314	0.4787	0.0000	0.1	1	-15.157	3.2940068245
	8.60	2.6672644615	2.6673	1.9099	3.9742	3.7968	-0.005	0.093	0.121	0.127	0.126	0.131	0.139	0.141	0.144	0.4787	0.0000	0.1	1	-15.180	3.2958502769
	8.60	2.7231035233	2.7231	1.9556	3.9676	3.7339	-0.119	-0.022	-0.010	-0.012	-0.017	-0.018	-0.018	-0.020	-0.019	0.4787	0.0000	0.2	1	-15.200	3.2973470688
	8.60	2.7714767456	2.7715	1.9951	3.9596	3.6700	-0.218	-0.119	-0.129	-0.141	-0.152	-0.159	-0.170	-0.177	-0.178	0.4787	0.0000	0.2	1	-15.216	3.2985806465
	8.60	2.8134753704	2.8135	2.0297	3.9505	3.6056	-0.304	-0.203	-0.239	-0.262	-0.280	-0.294	-0.318	-0.329	-0.332	0.4787	0.0000	0.2	1	-15.230	3.2996072769
	8.60	2.8323228359	2.8323	2.0462	3.9463	3.5753	-0.345	-0.240	-0.285	-0.315	-0.337	-0.356	-0.386	-0.400	-0.404	0.4787	0.0000	0.2	1	-15.236	3.3000550270
	8.60	2.8498167992	2.8498	2.0633	3.9432	3.5483	-0.388	-0.279	-0.331	-0.366	-0.392	-0.414	-0.449	-0.466	-0.470	0.4787	0.0000	0.2	1	-15.242	3.3004636765
	8.60	2.8605866432	2.8606	2.0764	3.9428	3.5353	-0.421	-0.311	-0.365	-0.400	-0.426	-0.448	-0.484	-0.501	-0.506	0.4787	0.0000	0.2	1	-15.246	3.3007121086
	8.60	2.8698596954	2.8699	2.0928	3.9463	3.5343	-0.462	-0.359	-0.404	-0.432	-0.453	-0.472	-0.502	-0.516	-0.520	0.4787	0.0000	0.2	1	-15.249	3.3009240627
	8.60	2.8763644695	2.8764	2.1124	3.9546	3.5490	-0.511	-0.417	-0.441	-0.453	-0.467	-0.478	-0.496	-0.505	-0.507	0.4787	0.0000	0.2	1	-15.251	3.3010716438
	8.60	2.8807511330	2.8808	2.1470	3.9729	3.5882	-0.598	-0.516	-0.486	-0.470	-0.470	-0.466	-0.459	-0.459	-0.455	0.4787	0.0000	0.2	1	-15.252	3.3011708260
	8.60	2.8819971085	2.8820	2.1799	3.9898	3.6230	-0.680	-0.597	-0.515	-0.479	-0.469	-0.455	-0.427	-0.419	-0.411	0.4787	0.0000	0.2	1	-15.253	3.3011989594
	8.60	2.8826329708	2.8826	2.2161	4.0062	3.6526	-0.770	-0.682	-0.547	-0.494	-0.477	-0.454	-0.406	-0.391	-0.378	0.4787	0.0000	0.2	1	-15.253	3.3012132645
	8.60	2.8827350140	2.8827	2.2008	4.0034	3.6564	-0.732	-0.645	-0.520	-0.470	-0.454	-0.432	-0.388	-0.374	-0.362	0.4787	0.0000	0.2	1	-15.253	3.3012154102
	8.60	2.8828976154	2.8829	2.1646	3.9898	3.6384	-0.642	-0.558	-0.476	-0.440	-0.431	-0.417	-0.389	-0.381	-0.373	0.4787	0.0000	0.2	1	-15.253	3.3012192249
	8.60	2.8831143379	2.8831	2.1585	3.9740	3.5815	-0.626	-0.547	-0.513	-0.494	-0.494	-0.489	-0.481	-0.479	-0.475	0.4787	0.0000	0.2	1	-15.253	3.3012239933
	8.60	2.8834373951	2.8834	2.1712	3.9558	3.4959	-0.658	-0.569	-0.589	-0.596	-0.608	-0.618	-0.634	-0.643	-0.644	0.4787	0.0000	0.2	1	-15.253	3.3012313843
	8.60	2.8839066029	2.8839	2.1830	3.9347	3.3997	-0.688	-0.573	-0.645	-0.689	-0.723	-0.753	-0.801	-0.825	-0.831	0.4787	0.0000	0.3	1	-15.253	3.3012418747
	8.60	2.8842060566	2.8842	2.1860	3.9224	3.3476	-0.695	-0.560	-0.658	-0.728	-0.776	-0.820	-0.887	-0.921	-0.930	0.4787	0.0000	0.3	1	-15.253	3.3012485504
	8.60	2.8846888542	2.8847	2.1827	3.9042	3.2782	-0.687	-0.510	-0.631	-0.747	-0.824	-0.893	-0.992	-1.046	-1.058	0.4787	0.0000	0.4	1	-15.253	3.3012595177
	8.60	2.8852541447	2.8853	2.1745	3.8829	3.2014	-0.666	-0.437	-0.560	-0.742	-0.858	-0.962	-1.101	-1.183	-1.199	0.4787	0.0000	0.4	1	-15.254	3.3012721539
	8.60	2.8858804703	2.8859	2.1605	3.8581	3.1163	-0.631	-0.332	-0.443	-0.706	-0.874	-1.022	-1.211	-1.333	-1.353	0.4787	0.0000	0.5	1	-15.254	3.3012862206
	8.60	2.8863158226	2.8863	2.1469	3.8395	3.0554	-0.597	-0.231	-0.335	-0.661	-0.868	-1.051	-1.280	-1.438	-1.460	0.4787	0.0000	0.5	1	-15.254	3.3012959957
	8.60	2.8867540359	2.8868	2.1294	3.8193	2.9924	-0.553	-0.099	-0.201	-0.599	-0.848	-1.069	-1.344	-1.542	-1.568	0.4787	0.0000	0.6	1	-15.254	3.3013057709
	8.60	2.8871903419	2.8872	2.1069	3.7982	2.9305	-0.497	0.080	-0.036	-0.517	-0.811	-1.069	-1.396	-1.638	-1.669	0.4787	0.0000	0.7	1	-15.254	3.3013155460
	8.60	2.8876187801	2.8876	2.0787	3.7778	2.8771	-0.427	0.314	0.157	-0.414	-0.751	-1.046	-1.425	-1.713	-1.747	0.4787	0.0000	0.7	1	-15.254	3.3013250828
	8.60	2.8880345821	2.8880	2.0419	3.7599	2.8423	-0.335	0.595	0.370	-0.286	-0.661	-0.988	-1.414	-1.745	-1.784	0.4787	0.0000	0.8	1	-15.254	3.3013343811
	8.60	2.8884348869	2.8884	1.9971	3.7447	2.8265	-0.223	0.889	0.593	-0.138	-0.547	-0.900	-1.369	-1.737	-1.780	0.4787	0.0000	0.8	1	-15.254	3.3013434410
	8.60	2.8888227940	2.8888	1.9466	3.7317	2.8247	-0.096	1.194	0.822	0.024	-0.413	-0.788	-1.297	-1.698	-1.745	0.4787	0.0000	0.8	1	-15.255	3.3013520241
	8.60	2.8891966343	2.8892	1.9016	3.7203	2.8245	0.016	1.471	1.027	0.172	-0.291	-0.685	-1.230	-1.661	-1.711	0.4787	0.0000	0.8	1	-15.255	3.3013603687
	8.60	2.8895657063	2.8896	1.8791	3.7106	2.8082	0.072	1.684	1.168	0.263	-0.222	-0.633	-1.210	-1.668	-1.721	0.4787	0.0000	0.8	1	-15.255	3.3013687134
	8.60	2.8901371956	2.8901	1.9223	3.6991	2.7191	-0.036	1.769	1.162	0.197	-0.314	-0.746	-1.361	-1.850	-1.908	0.4787	0.0000	1.0	1	-15.255	3.3013815880
	8.60	2.8907060623	2.8907	1.9833	3.6909	2.6252	-0.188	1.771	1.089	0.083	-0.448	-0.896	-1.540	-2.054	-2.116	0.4787	0.0000	1.1	1	-15.255	3.3013942242
	8.60	2.8913898468	2.8914	2.0553	3.6841	2.5262	-0.368	1.721	0.977	-0.065	-0.613	-1.073	-1.743	-2.277	-2.342	0.4787	0.0000	1.3	1	-15.255	3.3014094830
	8.60	2.8921768665	2.8922	2.1298	3.6779	2.4272	-0.554	1.660	0.853	-0.222	-0.785	-1.257	-1.950	-2.501	-2.570	0.4787	0.0000	1.6	1	-15.255	3.3014271259
	8.60	2.8928127289	2.8928	2.1888	3.6734	2.3500	-0.702	1.609	0.754	-0.346	-0.921	-1.402	-2.112	-2.677	-2.748	0.4787	0.0000	1.8	1	-15.255	3.3014411926
	8.60	2.8935823441	2.8936	2.2607	3.6683	2.2578	-0.882	1.541	0.633	-0.494	-1.083	-1.576	-2.306	-2.888	-2.962	0.4787	0.0000	2.1	1	-15.255	3.3014583588
	8.60	2.8942961693	2.8943	2.3268	3.6639	2.1744	-1.047	1.473	0.517	-0.633	-1.234	-1.736	-2.483	-3.079	-3.156	0.4787	0.0000	2.4	1	-15.255	3.3014743328
	8.60	2.8949267864	2.8949	2.3842	3.6601	2.1019	-1.191	1.415	0.418	-0.753	-1.364	-1.875	-2.637	-3.246	-3.325	0.4787	0.0000	2.8	1	-15.255	3.3014883995
	8.60	2.8955621719	2.8956	2.4449	3.6555	2.0227	-1.342	1.369	0.320	-0.876	-1.500	-2.021	-2.802	-3.426	-3.508	0.4787	0.0000	3.2	1	-15.254	3.3015024662
	8.60	2.8961641788	2.8962	2.5045	3.6508	1.9446	-1.491	1.328	0.225	-0.997	-1.633	-2.164	-2.965	-3.603	-3.688	0.4787	0.0000	3.6	1	-15.254	3.3015158176
	8.60	2.8967664242	2.8968	2.5657	3.6464	1.8658	-1.644	1.289	0.130	-1.117	-1.766	-2.310	-3.128	-3.782	-3.870	0.4787	0.0000	4.2	1	-15.254	3.3015291691
	8.60	2.8973202705	2.8973	2.6198	3.6427	1.7968	-1.780	1.253	0.046	-1.222	-1.884	-2.438	-3.272	-3.939	-4.030	0.4787	0.0000	4.7	1	-15.253	3.3015415668
	8.60	2.8977780342	2.8978	2.6552	3.6399	1.7504	-1.868	1.238	-0.005	-1.289	-1.959	-2.521	-3.367	-4.043	-4.137	0.4787	0.0000	5.1	1	-15.253	3.3015515804
	8.60	2.8983366489	2.8983	2.6247	3.6424	1.7910	-1.792	1.248	0.037	-1.233	-1.895	-2.449	-3.285	-3.953	-4.044	0.4787	0.0000	4.7	1	-15.253	3.3015639782
	8.60	2.8991854191	2.8992	2.5809	3.6458	1.8484	-1.682	1.269	0.101	-1.150	-1.801	-2.346	-3.168	-3.823	-3.912	0.4787	0.0000	4.3	1	-15.254	3.3015828133
	8.60	2.9003820419	2.9004	2.5218	3.6503	1.9258	-1.534	1.300	0.189	-1.038	-1.675	-2.207	-3.010	-3.649	-3.735	0.4787	0.0000	3.8	1	-13.530	3.3016092777
	8.60	2.9016580582	2.9017	2.4591	3.6550	2.0077	-1.378	1.344	0.290	-0.910	-1.534	-2.056	-2.839	-3.464	-3.546	0.4787	0.0000	3.3	1	-13.530	3.3016376495
	8.60	2.9028768539	2.9029	2.3882	3.6605	2.1006	-1.201	1.398	0.404	-0.766	-1.376	-1.886	-2.646	-3.253	-3.333	0.4787	0.0000	2.8	1	-13.530	3.3016645908
	8.60	2.9039402008	2.9039	2.3249	3.6652	2.1829	-1.042	1.451	0.508	-0.636	-1.234	-1.733	-2.475	-3.067	-3.143	0.4787	0.0000	2.4	1	-13.530	3.3016879559
	8.60	2.9051275253	2.9051	2.2543	3.6702	2.2738	-0.866	1.517	0.627	-0.491	-1.074	-1.562	-2.284	-2.860	-2.933	0.4787	0.0000	2.1	1	-13.530	3.3017141819
	8.60	2.9064188004	2.9064	2.1882	3.6752	2.3600	-0.700	1.575	0.737	-0.356	-0.925	-1.402	-2.105	-2.664	-2.734	0.4787	0.0000	1.8	1	-13.529	3.3017427921
	8.60	2.9081993103	2.9082	2.1152	3.6809	2.4560	-0.518	1.639	0.860	-0.200	-0.756	-1.222	-1.903	-2.446	-2.513	0.4787	0.0000	1.5	1	-13.529	3.3017818928
	8.60	2.9103412628	2.9103	2.0540	3.6861	2.5383	-0.365	1.689	0.961	-0.071	-0.614	-1.071	-1.733	-2.261	-2.325	0.4787	0.0000	1.3	1	-13.529	3.3018288612
	8.60	2.9141659737	2.9142	1.9950	3.6918	2.6206	-0.217	1.727	1.052	0.050	-0.479	-0.925	-1.567	-2.078	-2.139	0.4787	0.0000	1.1	1	-13.528	3.3019127846
	8.60	2.9220182896	2.9220	1.9531	3.6991	2.6929	-0.113	1.696	1.086	0.120	-0.392	-0.823	-1.438	-1.927	-1.985	0.4787	0.0000	1.0	1	-13.527	3.3020839691
	8.60	2.9914374352	2.9914	2.0437	3.7006	2.6186	-0.339	1.451	0.847	-0.114	-0.622	-1.050	-1.660	-2.143	-2.201	0.4787	0.0000	1.1	1	-13.517	3.3035461903
	8.60	3.0000000000	3.0000	2.0549	3.7007	2.6089	-0.367	1.423	0.818	-0.143	-0.650	-1.079	-1.688	-2.171	-2.228	0.4787	0.0000	1.2	1	-13.516	3.3037204742
	8.60	3.0327160358	3.0327	2.1022	3.7011	2.5678	-0.486	1.303	0.697	-0.263	-0.770	-1.197	-1.805	-2.287	-2.344	0.4787	0.0000	1.3	1	-13.511	3.3043746948
	8.60	3.1302988529	3.1303	2.2270	3.6918	2.4196	-0.798	1.173	0.478	-0.533	-1.062	-1.507	-2.149	-2.657	-2.719	0.4787	0.0000	1.6	1	-13.497	3.3062212467
	8.60	3.1519932747	3.1520	2.3006	3.6789	2.2977	-0.982	1.238	0.422	-0.656	-1.217	-1.686	-2.375	-2.921	-2.989	0.4787	0.0000	2.0	1	-13.494	3.3066115379
	8.60	3.1536216736	3.1536	2.3724	3.6717	2.1970	-1.161	1.210	0.321	-0.796	-1.376	-1.860	-2.577	-3.146	-3.218	0.4787	0.0000	2.4	1	-13.494	3.3066406250
	8.60	3.1537911892	3.1538	2.4039	3.6688	2.1541	-1.240	1.193	0.274	-0.857	-1.445	-1.935	-2.663	-3.242	-3.316	0.4787	0.0000	2.6	1	-13.494	3.3066437244
	8.60	3.1539628506	3.1540	2.4774	3.6627	2.0563	-1.423	1.143	0.160	-1.003	-1.608	-2.112	-2.864	-3.462	-3.540	0.4787	0.0000	3.1	1	-13.494	3.3066468239
	8.60	3.1541280746	3.1541	2.5441	3.6572	1.9674	-1.590	1.101	0.057	-1.137	-1.755	-2.272	-3.047	-3.663	-3.744	0.4787	0.0000	3.6	1	-13.494	3.3066496849
	8.60	3.1578817368	3.1579	2.6313	3.6496	1.8506	-1.808	1.060	-0.073	-1.308	-1.947	-2.480	-3.286	-3.926	-4.012	0.4787	0.0000	4.4	1	-13.493	3.3067164421
	8.60	3.1585099697	3.1585	2.6784	3.6460	1.7890	-1.926	1.038	-0.141	-1.396	-2.047	-2.591	-3.412	-4.065	-4.154	0.4787	0.0000	4.9	1	-13.493	3.3067274094
	8.60	3.1591343880	3.1591	2.7274	3.6420	1.7243	-2.048	1.019	-0.210	-1.487	-2.151	-2.706	-3.543	-4.211	-4.302	0.4787	0.0000	5.4	1	-13.493	3.3067386150
	8.60	3.1600730419	3.1601	2.8057	3.6359	1.6218	-2.244	0.986	-0.323	-1.635	-2.317	-2.889	-3.753	-4.442	-4.538	0.4787	0.0000	6.5	1	-13.493	3.3067553043
	8.60	3.1606993675	3.1607	2.8652	3.6318	1.5458	-2.393	0.953	-0.415	-1.751	-2.447	-3.030	-3.912	-4.615	-4.714	0.4787	0.0000	7.4	1	-13.493	3.3067662716
	8.60	3.1613252163	3.1613	2.9335	3.6263	1.4556	-2.564	0.935	-0.510	-1.879	-2.591	-3.190	-4.095	-4.817	-4.921	0.4787	0.0000	8.7	1	-13.493	3.3067774773
	8.60	3.1618895531	3.1619	3.0047	3.6205	1.3613	-2.742	0.936	-0.594	-1.999	-2.733	-3.354	-4.286	-5.027	-5.137	0.4787	0.0000	10.2	1	-13.493	3.3067874908
	8.60	3.1623413563	3.1623	3.0708	3.6153	1.2746	-2.907	0.937	-0.672	-2.109	-2.864	-3.506	-4.462	-5.221	-5.336	0.4787	0.0000	11.8	1	-13.493	3.3067953587
	8.60	3.1627097130	3.1627	3.1306	3.6103	1.1947	-3.056	0.949	-0.737	-2.205	-2.981	-3.642	-4.622	-5.398	-5.518	0.4787	0.0000	13.6	1	-13.493	3.3068017960
	8.60	3.1630969048	3.1631	3.1995	3.6047	1.1034	-3.229	0.961	-0.814	-2.319	-3.117	-3.800	-4.806	-5.600	-5.726	0.4787	0.0000	15.9	1	-13.493	3.3068087101
	8.60	3.1634135246	3.1634	3.2586	3.5996	1.0238	-3.377	0.979	-0.873	-2.411	-3.229	-3.933	-4.963	-5.776	-5.908	0.4787	0.0000	18.2	1	-13.493	3.3068144321
	8.60	3.1637334824	3.1637	3.3246	3.5939	0.9351	-3.542	0.967	-0.922	-2.487	-3.334	-4.074	-5.141	-5.971	-6.109	0.4787	0.0000	21.3	1	-13.492	3.3068199158
	8.60	3.1640849113	3.1641	3.4210	3.5851	0.8036	-3.782	0.959	-0.983	-2.591	-3.482	-4.279	-5.401	-6.259	-6.406	0.4787	0.0000	26.7	1	-13.492	3.3068261147
	8.60	3.1642479897	3.1642	3.4831	3.5795	0.7193	-3.938	0.949	-1.025	-2.660	-3.580	-4.411	-5.567	-6.444	-6.596	0.4787	0.0000	30.9	1	-13.492	3.3068289757
	8.60	3.1643886566	3.1644	3.5405	3.5738	0.6391	-4.081	0.936	-1.036	-2.692	-3.647	-4.522	-5.724	-6.619	-6.777	0.4787	0.0000	35.4	1	-13.492	3.3068315983
	8.60	3.1645100117	3.1645	3.5935	3.5687	0.5658	-4.214	0.869	-0.993	-2.647	-3.652	-4.600	-5.876	-6.782	-6.945	0.4787	0.0000	40.2	1	-13.409	3.3068337440
	8.60	3.1646375656	3.1646	3.6438	3.5637	0.4952	-4.339	0.795	-0.945	-2.593	-3.649	-4.671	-6.020	-6.940	-7.105	0.4787	0.0000	45.4	1	-12.890	3.3068358898
	8.60	3.1648068428	3.1648	3.7040	3.5575	0.4105	-4.490	0.692	-0.890	-2.526	-3.643	-4.756	-6.193	-7.129	-7.298	0.4787	0.0000	52.6	1	-12.267	3.3068389893
	8.60	3.1648867130	3.1649	3.7544	3.5524	0.3397	-4.616	0.591	-0.849	-2.471	-3.639	-4.827	-6.338	-7.288	-7.460	0.4787	0.0000	59.4	1	-11.746	3.3068404198
	8.60	3.1649281979	3.1649	3.7934	3.5484	0.2845	-4.713	0.549	-0.789	-2.399	-3.613	-4.866	-6.449	-7.409	-7.584	0.4787	0.0000	65.4	1	-11.341	3.3068411350
	8.60	3.1649410725	3.1649	3.8092	3.5467	0.2618	-4.753	0.560	-0.745	-2.351	-3.589	-4.872	-6.493	-7.457	-7.634	0.4787	0.0000	68.0	1	-11.174	3.3068413734
	8.60	3.1649451256	3.1649	3.8102	3.5518	0.2816	-4.755	0.457	-0.968	-2.590	-3.764	-4.960	-6.480	-7.431	-7.603	0.3838	0.0000	65.7	1	-11.319	3.3068413734
	8.60	3.1653573513	3.1654	3.9708	3.5368	0.0610	-5.157	0.445	-0.673	-2.254	-3.626	-5.084	-6.926	-7.908	-8.099	0.3649	0.6511	96.2	1	-9.697	3.3068485260
	8.60	3.1661431789	3.1661	4.1042	3.5219	-0.1322	-5.491	0.567	-0.262	-1.807	-3.388	-5.105	-7.302	-8.310	-8.519	0.4159	0.6724	134.3	1	-8.277	3.3068625927
	8.60	3.1678521633	3.1660	4.1977	3.5058	-0.2900	-5.724	0.936	0.410	-1.132	-2.950	-4.923	-7.574	-8.604	-8.827	0.9182	0.7151	176.4	1	-7.117	3.3068926334
	8.60	3.1683659554	3.1611	4.2029	3.4954	-0.3373	-5.737	-0.767	-1.691	-3.407	-4.504	-5.554	-7.169	-8.241	-8.592	1.1920	0.7184	164.8	0	-7.889	3.3069016933
	8.60	3.1684999466	3.1601	4.2040	3.4933	-0.3470	-5.740	-0.703	-1.640	-3.377	-4.486	-5.545	-7.170	-8.249	-8.604	1.2683	0.7191	165.6	0	-7.855	3.3069040775
	8.60	3.1687686443	3.1579	4.2063	3.4904	-0.3613	-5.746	-0.615	-1.572	-3.339	-4.462	-5.536	-7.174	-8.262	-8.622	1.4447	0.7206	167.2	0	-7.800	3.3069086075
	8.60	3.1693005562	3.1522	4.2104	3.4858	-0.3846	-5.756	-0.479	-1.467	-3.279	-4.427	-5.522	-7.182	-8.283	-8.652	1.7474	0.7235	173.3	0	-7.714	3.3069181442
	8.60	3.1700754166	3.1367	4.2158	3.4801	-0.4148	-5.770	-0.313	-1.338	-3.207	-4.385	-5.505	-7.192	-8.310	-8.690	2.2067	0.7278	186.7	0	-7.603	3.3069317341
	8.60	3.1705746651	3.1192	4.2186	3.4768	-0.4336	-5.777	-0.212	-1.259	-3.162	-4.358	-5.494	-7.197	-8.325	-8.711	2.5182	0.7308	195.9	0	-7.536	3.3069405556
	8.60	3.1710603237	3.0367	4.2150	3.4727	-0.4579	-5.767	-0.075	-1.151	-3.097	-4.314	-5.467	-7.189	-8.324	-8.716	2.8206	0.7338	207.5	0	-7.466	3.3069489002
	8.60	3.1712977886	2.9208	4.2084	3.4692	-0.4820	-5.751	0.049	-1.053	-3.038	-4.271	-5.439	-7.174	-8.313	-8.709	2.9465	0.7355	218.4	0	-7.422	3.3069531918
	8.60	3.1714150906	2.8311	4.2035	3.4667	-0.5005	-5.739	0.139	-0.982	-2.995	-4.240	-5.418	-7.163	-8.304	-8.703	3.0336	0.7365	227.2	0	-7.391	3.3069550991
	8.60	3.1715314388	2.7052	4.1969	3.4631	-0.5282	-5.722	0.268	-0.880	-2.933	-4.196	-5.389	-7.148	-8.293	-8.697	3.1010	0.7377	240.4	0	-7.353	3.3069572449
	8.60	3.1716468334	2.4639	4.1866	3.4614	-0.5655	-5.696	0.349	-0.813	-2.885	-4.156	-5.358	-7.124	-8.270	-8.676	3.1664	0.7393	283.4	0	-7.332	3.3069591522
	8.60	3.1717605591	2.0526	4.1716	3.4606	-0.6328	-5.659	0.410	-0.757	-2.838	-4.113	-5.317	-7.086	-8.233	-8.641	3.2279	0.7416	396.9	0	-6.500	3.3069612980
	8.60	3.1718542576	1.4927	4.1549	3.4521	-0.7887	-5.617	0.718	-0.514	-2.690	-4.006	-5.246	-7.049	-8.204	-8.623	3.2563	0.7437	713.4	0	-4.627	3.3069629669
	8.60	3.1718716621	1.3246	4.1520	3.4778	-0.7348	-5.610	-0.079	-1.118	-3.011	-4.202	-5.333	-7.032	-8.156	-8.540	3.2589	0.7443	734.4	0	-4.692	3.3069632053
	8.60	3.1719777584	0.7492	4.1441	3.8060	0.3383	-5.590	-4.955	-5.306	-5.688	-5.919	-6.136	-6.428	-6.602	-6.643	3.2697	0.7492	194.7	1	-29.548	3.3069651127
