# File generated by CMD 2.2 (http://stev.oapd.inaf.it/cmd) on Mon Sep 14 22:17:53 CEST 2009
# Basic reference: Marigo et al. (2008, A&A 482, 883) 
# Photometric system: <i>UBVRIJHK</i> (cf. Maiz-Apellaniz 2006 + Bessell 1990)
# BCs of Carbon stars derive from Loidl et al. (2001)
# O-rich circumstellar dust ignored
# C-rich circumstellar dust ignored
# IMF: Chabrier (2001) lognormal 
# Kind of output: isochrone tables
#	Isochrone	Z = 0.00800		Age = 	1.000e+08 yr
# log(age/yr)	M_ini   	M_act	logL/Lo	logTe	logG	mbol    U       B       V       R       I       J       H       K	C/O	M_hec	period	pmode	logMdot	int_IMF
	8.00	0.1500000060	0.1500	-2.4524	3.5402	5.1733	10.901	15.616	14.057	12.450	11.400	10.277	9.161	8.587	8.345	0.4787	0.0000	0.0	1	-17.817	1.9609395266
	8.00	0.2000000030	0.2000	-2.1753	3.5616	5.1068	10.208	14.343	12.994	11.506	10.521	9.545	8.509	7.935	7.717	0.4787	0.0000	0.0	1	-17.692	2.2217822075
	8.00	0.2500000000	0.2500	-1.9865	3.5732	5.0613	9.736	13.536	12.324	10.908	9.954	9.051	8.055	7.481	7.283	0.4787	0.0000	0.0	1	-17.573	2.4080901146
	8.00	0.3000000119	0.3000	-1.8364	3.5824	5.0272	9.361	12.943	11.806	10.439	9.515	8.668	7.705	7.119	6.936	0.4787	0.0000	0.0	1	-16.636	2.5475041866
	8.00	0.3499999940	0.3500	-1.7104	3.5902	4.9993	9.046	12.453	11.374	10.045	9.148	8.349	7.413	6.816	6.646	0.4787	0.0000	0.0	1	-15.843	2.6555202007
	8.00	0.4000000060	0.4000	-1.5645	3.5972	4.9394	8.681	11.940	10.909	9.614	8.741	7.984	7.069	6.455	6.299	0.4787	0.0000	0.0	1	-15.157	2.7413372993
	8.00	0.4499999881	0.4500	-1.4445	3.6061	4.9062	8.381	11.503	10.504	9.243	8.400	7.687	6.797	6.165	6.023	0.4787	0.0000	0.0	1	-14.551	2.8109800816
	8.00	0.5000000000	0.5000	-1.3134	3.6168	4.8637	8.054	11.045	10.067	8.843	8.035	7.367	6.502	5.851	5.722	0.4787	0.0000	0.0	1	-14.009	2.8684780598
	8.00	0.5500000119	0.5500	-1.1748	3.6291	4.8157	7.707	10.532	9.589	8.411	7.645	7.027	6.192	5.529	5.415	0.4787	0.0000	0.0	1	-13.519	2.9166350365
	8.00	0.6000000238	0.6000	-1.0430	3.6411	4.7693	7.377	10.010	9.121	7.997	7.276	6.698	5.894	5.239	5.139	0.4787	0.0000	0.0	1	-13.072	2.9573988914
	8.00	0.6999999881	0.7000	-0.7615	3.6741	4.6868	6.674	8.735	8.054	7.068	6.469	5.981	5.283	4.701	4.627	0.4787	0.0000	0.0	1	-12.279	3.0225379467
	8.00	0.8000000119	0.8000	-0.4828	3.7182	4.6426	5.977	7.315	6.982	6.165	5.694	5.291	4.740	4.286	4.234	0.4787	0.0000	0.0	1	-11.616	3.0718705654
	8.00	0.8999999762	0.9000	-0.2344	3.7545	4.5906	5.356	6.198	6.117	5.450	5.059	4.714	4.270	3.907	3.869	0.4787	0.0000	0.0	1	-11.750	3.1102609634
	8.00	1.0000000000	1.0000	-0.0155	3.7802	4.5204	4.809	5.384	5.426	4.867	4.526	4.220	3.843	3.534	3.506	0.4787	0.0000	0.0	1	-12.840	3.1408040524
	8.00	1.1000000238	1.1000	0.1998	3.8048	4.4450	4.270	4.671	4.772	4.307	4.011	3.743	3.426	3.168	3.147	0.4787	0.0000	0.0	1	-13.741	3.1655414104
	8.00	1.2000000477	1.2000	0.3841	3.8266	4.3853	3.810	4.112	4.222	3.831	3.576	3.343	3.076	2.862	2.846	0.4787	0.0000	0.0	1	-14.208	3.1858570576
	8.00	1.2999999523	1.2999	0.5487	3.8498	4.3485	3.398	3.639	3.729	3.406	3.194	3.001	2.787	2.618	2.606	0.4787	0.0000	0.0	1	-14.431	3.2028071880
	8.00	1.3999999762	1.3999	0.6938	3.8785	4.3503	3.035	3.235	3.283	3.031	2.875	2.733	2.581	2.466	2.458	0.4787	0.0000	0.0	1	-14.553	3.2170591354
	8.00	1.5000000000	1.4999	0.8286	3.9079	4.3630	2.698	2.876	2.879	2.698	2.598	2.509	2.415	2.348	2.341	0.4787	0.0000	0.0	1	-14.637	3.2291738987
	8.00	1.6000000238	1.5999	0.9495	3.9343	4.3757	2.396	2.561	2.544	2.427	2.374	2.327	2.277	2.244	2.239	0.4787	0.0000	0.0	1	-14.703	3.2395837307
	8.00	1.7000000477	1.6999	1.0617	3.9573	4.3821	2.116	2.275	2.270	2.206	2.183	2.165	2.149	2.137	2.135	0.4787	0.0000	0.0	1	-14.761	3.2485761642
	8.00	1.7999999523	1.8000	1.1621	3.9767	4.3841	1.865	2.024	2.052	2.023	2.019	2.020	2.030	2.031	2.032	0.4787	0.0000	0.0	1	-14.814	3.2563917637
	8.00	1.8999999762	1.9000	1.2555	3.9944	4.3848	1.631	1.798	1.868	1.866	1.874	1.887	1.919	1.928	1.934	0.4787	0.0000	0.0	1	-14.864	3.2632381916
	8.00	1.9287297726	1.9287	1.2813	3.9988	4.3833	1.567	1.735	1.816	1.821	1.832	1.848	1.885	1.897	1.904	0.4787	0.0000	0.0	1	-14.878	3.2650496960
	8.00	2.0000000000	2.0000	1.3440	4.0094	4.3787	1.410	1.584	1.697	1.715	1.731	1.754	1.802	1.818	1.828	0.4787	0.0000	0.0	1	-14.912	3.2692775726
	8.00	2.2000000477	2.2000	1.5069	4.0359	4.3632	1.003	1.198	1.392	1.439	1.466	1.502	1.579	1.604	1.621	0.4787	0.0000	0.0	1	-15.001	3.2793695927
	8.00	2.5000000000	2.5000	1.7260	4.0698	4.3353	0.455	0.694	0.994	1.071	1.107	1.156	1.267	1.301	1.327	0.4787	0.0000	0.0	1	-15.120	3.2908382416
	8.00	2.6188831329	2.6189	1.8044	4.0812	4.3225	0.259	0.517	0.852	0.936	0.975	1.029	1.150	1.187	1.216	0.4787	0.0000	0.1	1	-15.163	3.2944858074
	8.00	3.0000000000	3.0000	2.0397	4.1136	4.2760	-0.329	-0.002	0.425	0.529	0.575	0.639	0.788	0.834	0.869	0.4787	0.0000	0.1	1	-13.516	3.3037204742
	8.00	3.1070733070	3.1071	2.1003	4.1217	4.2627	-0.481	-0.134	0.314	0.423	0.471	0.538	0.693	0.740	0.777	0.4787	0.0000	0.1	1	-13.500	3.3057954311
	8.00	3.4681627750	3.4682	2.2979	4.1460	4.2100	-0.975	-0.565	-0.054	0.068	0.121	0.196	0.371	0.423	0.465	0.4787	0.0000	0.1	1	-13.453	3.3115699291
	8.00	3.5000000000	3.5000	2.3148	4.1479	4.2047	-1.017	-0.602	-0.087	0.037	0.090	0.166	0.342	0.395	0.437	0.4787	0.0000	0.1	1	-13.449	3.3120026588
	8.00	3.7771401405	3.7771	2.4540	4.1630	4.1590	-1.365	-0.906	-0.355	-0.222	-0.166	-0.086	0.101	0.158	0.202	0.4787	0.0000	0.1	1	-13.416	3.3153605461
	8.00	4.0000000000	4.0000	2.5653	4.1729	4.1125	-1.643	-1.156	-0.581	-0.442	-0.384	-0.301	-0.106	-0.048	-0.001	0.4787	0.0000	0.1	1	-13.391	3.3176128864
	8.00	4.0357127190	4.0357	2.5831	4.1744	4.1043	-1.688	-1.197	-0.617	-0.478	-0.419	-0.336	-0.140	-0.082	-0.035	0.4787	0.0000	0.1	1	-13.387	3.3179423809
	8.00	4.2429847717	4.2430	2.6868	4.1807	4.0477	-1.947	-1.438	-0.844	-0.700	-0.640	-0.555	-0.354	-0.295	-0.247	0.4787	0.0000	0.1	1	-13.365	3.3197026253
	8.00	4.4184017181	4.4184	2.7757	4.1836	3.9880	-2.169	-1.654	-1.052	-0.905	-0.844	-0.759	-0.556	-0.496	-0.447	0.4787	0.0000	0.1	1	-13.347	3.3210134506
	8.00	4.5000000000	4.5000	2.8180	4.1837	3.9541	-2.275	-1.761	-1.157	-1.010	-0.950	-0.864	-0.661	-0.602	-0.553	0.4787	0.0000	0.1	1	-13.339	3.3215744495
	8.00	4.5754771233	4.5755	2.8568	4.1835	3.9217	-2.372	-1.861	-1.256	-1.109	-1.049	-0.963	-0.760	-0.701	-0.652	0.4787	0.0000	0.1	1	-13.332	3.3220684528
	8.00	4.7035984993	4.7036	2.9246	4.1806	3.8541	-2.541	-2.046	-1.443	-1.296	-1.237	-1.153	-0.952	-0.893	-0.844	0.4787	0.0000	0.2	1	-13.320	3.3228564262
	8.00	4.8132596016	4.8133	2.9845	4.1751	3.7824	-2.691	-2.219	-1.624	-1.479	-1.421	-1.339	-1.141	-1.084	-1.036	0.4787	0.0000	0.2	1	-13.310	3.3234841824
	8.00	4.9073591232	4.9074	3.0377	4.1673	3.7064	-2.824	-2.382	-1.801	-1.658	-1.603	-1.523	-1.331	-1.275	-1.229	0.4787	0.0000	0.2	1	-13.302	3.3239915371
	8.00	4.9880499840	4.9880	3.0854	4.1580	3.6283	-2.944	-2.537	-1.972	-1.832	-1.779	-1.704	-1.518	-1.465	-1.420	0.4787	0.0000	0.2	1	-13.295	3.3244051933
	8.00	5.0000000000	5.0000	3.0928	4.1564	3.6157	-2.962	-2.562	-1.999	-1.860	-1.808	-1.732	-1.548	-1.495	-1.450	0.4787	0.0000	0.2	1	-13.294	3.3244650364
	8.00	5.0251021385	5.0251	3.1082	4.1531	3.5892	-3.000	-2.612	-2.056	-1.918	-1.866	-1.793	-1.611	-1.558	-1.514	0.4787	0.0000	0.2	1	-13.292	3.3245890141
	8.00	5.0584158897	5.0584	3.1301	4.1494	3.5555	-3.055	-2.681	-2.131	-1.994	-1.944	-1.871	-1.692	-1.641	-1.597	0.4787	0.0000	0.3	1	-13.289	3.3247509003
	8.00	5.0785956383	5.0786	3.1449	4.1486	3.5391	-3.092	-2.722	-2.173	-2.036	-1.986	-1.914	-1.735	-1.684	-1.641	0.4787	0.0000	0.3	1	-13.287	3.3248474598
	8.00	5.0945525169	5.0946	3.1589	4.1511	3.5364	-3.127	-2.750	-2.194	-2.057	-2.006	-1.933	-1.753	-1.701	-1.657	0.4787	0.0000	0.3	1	-13.286	3.3249228001
	8.00	5.1055583954	5.1056	3.1729	4.1582	3.5520	-3.162	-2.760	-2.191	-2.050	-1.997	-1.922	-1.736	-1.682	-1.638	0.4787	0.0000	0.3	1	-13.285	3.3249745369
	8.00	5.1129870415	5.1130	3.1934	4.1746	3.5977	-3.213	-2.756	-2.153	-2.005	-1.948	-1.867	-1.669	-1.612	-1.564	0.4787	0.0000	0.2	1	-13.284	3.3250093460
	8.00	5.1150898933	5.1151	3.2127	4.1885	3.6341	-3.262	-2.753	-2.125	-1.971	-1.911	-1.825	-1.618	-1.557	-1.507	0.4787	0.0000	0.2	1	-13.284	3.3250191212
	8.00	5.1162905693	5.1163	3.2400	4.2038	3.6680	-3.330	-2.766	-2.109	-1.949	-1.884	-1.794	-1.576	-1.512	-1.459	0.4787	0.0000	0.2	1	-13.284	3.3250246048
	8.00	5.1164193153	5.1164	3.2347	4.2028	3.6693	-3.317	-2.756	-2.102	-1.942	-1.877	-1.787	-1.570	-1.506	-1.454	0.4787	0.0000	0.2	1	-13.284	3.3250253201
	8.00	5.1167163849	5.1167	3.1993	4.1904	3.6552	-3.228	-2.712	-2.081	-1.927	-1.865	-1.779	-1.570	-1.509	-1.459	0.4787	0.0000	0.2	1	-13.284	3.3250267506
	8.00	5.1170358658	5.1170	3.1877	4.1737	3.6002	-3.199	-2.744	-2.143	-1.996	-1.939	-1.858	-1.661	-1.604	-1.557	0.4787	0.0000	0.2	1	-13.284	3.3250281811
	8.00	5.1174468994	5.1174	3.2086	4.1554	3.5061	-3.251	-2.862	-2.296	-2.156	-2.104	-2.030	-1.846	-1.793	-1.749	0.4787	0.0000	0.3	1	-13.284	3.3250300884
	8.00	5.1178116798	5.1178	3.2277	4.1405	3.4274	-3.299	-2.961	-2.423	-2.290	-2.242	-2.174	-2.000	-1.951	-1.909	0.4787	0.0000	0.3	1	-13.284	3.3250317574
	8.00	5.1182227135	5.1182	3.2421	4.1242	3.3478	-3.335	-3.051	-2.546	-2.419	-2.377	-2.314	-2.152	-2.108	-2.069	0.4787	0.0000	0.4	1	-13.284	3.3250336647
	8.00	5.1187014580	5.1187	3.2517	4.1062	3.2661	-3.359	-3.130	-2.663	-2.545	-2.507	-2.451	-2.305	-2.264	-2.228	0.4787	0.0000	0.4	1	-13.284	3.3250358105
	8.00	5.1192488670	5.1192	3.2576	4.0860	3.1795	-3.374	-3.199	-2.780	-2.672	-2.639	-2.591	-2.460	-2.426	-2.393	0.4787	0.0000	0.5	1	-13.283	3.3250384331
	8.00	5.1198191643	5.1198	3.2600	4.0631	3.0855	-3.380	-3.257	-2.898	-2.800	-2.774	-2.734	-2.625	-2.596	-2.567	0.4787	0.0000	0.6	1	-13.283	3.3250410557
	8.00	5.1200013161	5.1200	3.2601	4.0548	3.0522	-3.380	-3.275	-2.938	-2.844	-2.820	-2.783	-2.682	-2.655	-2.628	0.4787	0.0000	0.6	1	-13.283	3.3250420094
	8.00	5.1204028130	5.1204	3.2592	4.0371	2.9827	-3.378	-3.302	-3.017	-2.931	-2.911	-2.882	-2.798	-2.778	-2.754	0.4787	0.0000	0.7	1	-13.283	3.3250439167
	8.00	5.1208043098	5.1208	3.2566	4.0176	2.9070	-3.371	-3.322	-3.095	-3.020	-3.006	-2.986	-2.923	-2.909	-2.889	0.4787	0.0000	0.8	1	-13.283	3.3250455856
	8.00	5.1212282181	5.1212	3.2521	3.9953	2.8225	-3.360	-3.330	-3.174	-3.113	-3.105	-3.096	-3.059	-3.054	-3.039	0.4787	0.0000	0.9	1	-13.283	3.3250477314
	8.00	5.1216516495	5.1217	3.2451	3.9698	2.7274	-3.343	-3.318	-3.248	-3.206	-3.208	-3.213	-3.210	-3.215	-3.207	0.4787	0.0000	1.1	1	-13.283	3.3250496387
	8.00	5.1220526695	5.1221	3.2353	3.9406	2.6204	-3.318	-3.271	-3.297	-3.289	-3.308	-3.335	-3.374	-3.395	-3.397	0.4787	0.0000	1.3	1	-13.283	3.3250515461
	8.00	5.1222753525	5.1223	3.2287	3.9239	2.5604	-3.302	-3.228	-3.308	-3.324	-3.357	-3.398	-3.464	-3.496	-3.504	0.4787	0.0000	1.4	1	-13.283	3.3250524998
	8.00	5.1224756241	5.1225	3.2212	3.9059	2.4959	-3.283	-3.161	-3.286	-3.339	-3.395	-3.459	-3.557	-3.607	-3.618	0.4787	0.0000	1.6	1	-13.283	3.3250534534
	8.00	5.1226763725	5.1227	3.2121	3.8859	2.4252	-3.260	-3.077	-3.233	-3.337	-3.426	-3.518	-3.655	-3.729	-3.745	0.4787	0.0000	1.8	1	-13.283	3.3250544071
	8.00	5.1228990555	5.1229	3.2010	3.8633	2.3456	-3.233	-2.971	-3.137	-3.316	-3.449	-3.580	-3.762	-3.870	-3.890	0.4787	0.0000	2.1	1	-13.283	3.3250553608
	8.00	5.1230993271	5.1231	3.1880	3.8379	2.2570	-3.200	-2.838	-2.997	-3.272	-3.460	-3.638	-3.875	-4.028	-4.053	0.4787	0.0000	2.4	1	-13.283	3.3250563145
	8.00	5.1232995987	5.1233	3.1722	3.8091	2.1577	-3.161	-2.659	-2.814	-3.201	-3.454	-3.687	-3.990	-4.203	-4.233	0.4787	0.0000	2.9	1	-13.283	3.3250572681
	8.00	5.1234998703	5.1235	3.1526	3.7756	2.0436	-3.111	-2.385	-2.567	-3.098	-3.425	-3.722	-4.109	-4.397	-4.436	0.4787	0.0000	3.5	1	-13.283	3.3250582218
	8.00	5.1237001419	5.1237	3.1272	3.7420	1.9344	-3.048	-1.951	-2.251	-2.957	-3.361	-3.719	-4.198	-4.570	-4.617	0.4787	0.0000	4.3	1	-13.283	3.3250591755
	8.00	5.1238999367	5.1239	3.0937	3.7187	1.8748	-2.964	-1.534	-1.967	-2.804	-3.261	-3.662	-4.211	-4.645	-4.697	0.4787	0.0000	4.7	1	-13.283	3.3250601292
	8.00	5.1242113113	5.1242	3.0376	3.6964	1.8415	-2.824	-1.022	-1.619	-2.581	-3.090	-3.531	-4.154	-4.652	-4.710	0.4787	0.0000	5.0	1	-13.283	3.3250615597
	8.00	5.1243448257	5.1243	3.0290	3.6867	1.8112	-2.803	-0.819	-1.501	-2.515	-3.047	-3.506	-4.164	-4.692	-4.755	0.4787	0.0000	5.3	1	-13.283	3.3250620365
	8.00	5.1245923042	5.1246	3.0887	3.6729	1.6966	-2.952	-0.692	-1.508	-2.599	-3.164	-3.649	-4.358	-4.928	-4.997	0.4787	0.0000	6.4	1	-13.283	3.3250632286
	8.00	5.1247501373	5.1248	3.1506	3.6652	1.6038	-3.106	-0.677	-1.575	-2.707	-3.292	-3.794	-4.534	-5.131	-5.203	0.4787	0.0000	7.6	1	-13.283	3.3250639439
	8.00	5.1249074936	5.1249	3.2105	3.6587	1.5182	-3.256	-0.682	-1.651	-2.819	-3.421	-3.936	-4.701	-5.320	-5.396	0.4787	0.0000	8.8	1	-13.283	3.3250646591
	8.00	5.1252226830	5.1252	3.2670	3.6532	1.4394	-3.398	-0.692	-1.727	-2.928	-3.544	-4.071	-4.859	-5.495	-5.575	0.4787	0.0000	10.0	1	-13.283	3.3250660896
	8.00	5.1257853508	5.1258	3.3228	3.6477	1.3616	-3.537	-0.693	-1.797	-3.030	-3.662	-4.202	-5.013	-5.668	-5.751	0.4787	0.0000	11.5	1	-13.283	3.3250687122
	8.00	5.1264371872	5.1264	3.3816	3.6423	1.2813	-3.684	-0.695	-1.870	-3.135	-3.784	-4.339	-5.172	-5.847	-5.934	0.4787	0.0000	13.2	1	-13.283	3.3250718117
	8.00	5.1270890236	5.1271	3.4383	3.6373	1.2047	-3.826	-0.701	-1.944	-3.238	-3.903	-4.471	-5.326	-6.018	-6.108	0.4787	0.0000	15.1	1	-13.283	3.3250746727
	8.00	5.1277632713	5.1278	3.4933	3.6319	1.1280	-3.963	-0.690	-2.007	-3.334	-4.016	-4.598	-5.476	-6.187	-6.282	0.4787	0.0000	17.2	1	-13.283	3.3250780106
	8.00	5.1298956871	5.1299	3.5443	3.6281	1.0622	-4.091	-0.708	-2.081	-3.432	-4.126	-4.717	-5.613	-6.337	-6.434	0.4787	0.0000	19.3	1	-13.283	3.3250877857
	8.00	5.1449179649	5.1449	3.4919	3.6335	1.1376	-3.960	-0.727	-2.025	-3.343	-4.020	-4.597	-5.469	-6.174	-6.267	0.4787	0.0000	16.9	1	-13.281	3.3251569271
	8.00	5.1547374725	5.1547	3.4387	3.6390	1.2137	-3.827	-0.744	-1.967	-3.253	-3.912	-4.475	-5.323	-6.008	-6.097	0.4787	0.0000	14.8	1	-13.280	3.3252017498
	8.00	5.1629796028	5.1630	3.3832	3.6440	1.2898	-3.688	-0.741	-1.897	-3.153	-3.797	-4.346	-5.173	-5.840	-5.926	0.4787	0.0000	13.0	1	-13.280	3.3252391815
	8.00	5.1712026596	5.1712	3.3263	3.6497	1.3699	-3.546	-0.748	-1.831	-3.054	-3.680	-4.215	-5.017	-5.665	-5.746	0.4787	0.0000	11.3	1	-13.279	3.3252763748
	8.00	5.1800422668	5.1800	3.2730	3.6554	1.4468	-3.413	-0.753	-1.766	-2.956	-3.566	-4.089	-4.868	-5.497	-5.575	0.4787	0.0000	9.9	1	-13.278	3.3253159523
	8.00	5.1922550201	5.1923	3.2271	3.6626	1.5227	-3.298	-0.800	-1.734	-2.884	-3.476	-3.983	-4.733	-5.338	-5.412	0.4787	0.0000	8.7	1	-13.277	3.3253705502
	8.00	5.2046966553	5.2047	3.2108	3.6699	1.5690	-3.257	-0.911	-1.774	-2.887	-3.460	-3.952	-4.673	-5.252	-5.322	0.4787	0.0000	8.1	1	-13.276	3.3254258633
	8.00	5.2165994644	5.2166	3.2637	3.6887	1.5926	-3.389	-1.403	-2.100	-3.113	-3.642	-4.096	-4.747	-5.265	-5.327	0.4787	0.0000	7.7	1	-13.275	3.3254783154
	8.00	5.2204046249	5.2204	3.3050	3.7185	1.6705	-3.493	-2.029	-2.490	-3.334	-3.793	-4.193	-4.743	-5.174	-5.227	0.4787	0.0000	6.8	1	-13.275	3.3254950047
	8.00	5.2233047485	5.2233	3.3306	3.7423	1.7406	-3.556	-2.440	-2.763	-3.470	-3.873	-4.230	-4.708	-5.075	-5.122	0.4787	0.0000	6.0	1	-13.275	3.3255078793
	8.00	5.2255783081	5.2256	3.3458	3.7655	1.8181	-3.595	-2.747	-2.982	-3.564	-3.913	-4.227	-4.641	-4.950	-4.991	0.4787	0.0000	5.2	1	-13.275	3.3255176544
	8.00	5.2269935608	5.2270	3.3541	3.7812	1.8730	-3.615	-2.914	-3.113	-3.617	-3.930	-4.214	-4.586	-4.858	-4.895	0.4787	0.0000	4.8	1	-13.274	3.3255238533
	8.00	5.2284321785	5.2284	3.3617	3.7969	1.9285	-3.634	-3.050	-3.231	-3.664	-3.941	-4.195	-4.527	-4.762	-4.796	0.4787	0.0000	4.3	1	-13.274	3.3255302906
	8.00	5.2299170494	5.2299	3.3689	3.8118	1.9809	-3.652	-3.157	-3.332	-3.704	-3.946	-4.172	-4.468	-4.670	-4.701	0.4787	0.0000	4.0	1	-13.274	3.3255367279
	8.00	5.2320513725	5.2321	3.3786	3.8314	2.0497	-3.677	-3.283	-3.458	-3.750	-3.948	-4.136	-4.386	-4.549	-4.575	0.4787	0.0000	3.5	1	-13.274	3.3255460262
	8.00	5.2342324257	5.2342	3.3876	3.8494	2.1129	-3.699	-3.387	-3.567	-3.786	-3.943	-4.097	-4.306	-4.435	-4.458	0.4787	0.0000	3.2	1	-13.274	3.3255555630
	8.00	5.2363200188	5.2363	3.3954	3.8649	2.1670	-3.719	-3.469	-3.646	-3.807	-3.931	-4.057	-4.235	-4.339	-4.359	0.4787	0.0000	2.9	1	-13.274	3.3255646229
	8.00	5.2385010719	5.2385	3.4026	3.8791	2.2168	-3.737	-3.542	-3.710	-3.823	-3.919	-4.020	-4.169	-4.251	-4.268	0.4787	0.0000	2.6	1	-13.273	3.3255741596
	8.00	5.2419810295	5.2420	3.4112	3.8954	2.2740	-3.758	-3.620	-3.762	-3.831	-3.900	-3.976	-4.093	-4.153	-4.167	0.4787	0.0000	2.4	1	-13.273	3.3255891800
	8.00	5.2492189407	5.2492	3.4225	3.9100	2.3217	-3.786	-3.692	-3.799	-3.836	-3.884	-3.942	-4.032	-4.077	-4.087	0.4787	0.0000	2.2	1	-13.273	3.3256204128
	8.00	5.2839670181	5.2840	3.4478	3.8941	2.2357	-3.849	-3.710	-3.853	-3.924	-3.994	-4.072	-4.192	-4.254	-4.267	0.4787	0.0000	2.6	1	-13.270	3.3257689476
	8.00	5.3031725883	5.3032	3.4599	3.8779	2.1603	-3.880	-3.684	-3.855	-3.968	-4.065	-4.167	-4.318	-4.401	-4.419	0.4787	0.0000	2.9	1	-13.268	3.3258500099
	8.00	5.3130717278	5.3131	3.4635	3.8614	2.0914	-3.889	-3.628	-3.808	-3.979	-4.109	-4.240	-4.425	-4.533	-4.554	0.4787	0.0000	3.3	1	-13.267	3.3258912563
	8.00	5.3195366859	5.3195	3.4641	3.8450	2.0255	-3.890	-3.558	-3.744	-3.976	-4.141	-4.302	-4.522	-4.658	-4.682	0.4787	0.0000	3.7	1	-13.267	3.3259181976
	8.00	5.3261990547	5.3262	3.4635	3.8261	1.9515	-3.889	-3.469	-3.651	-3.961	-4.169	-4.366	-4.627	-4.798	-4.826	0.4787	0.0000	4.2	1	-13.266	3.3259458542
	8.00	5.3300428391	5.3300	3.4612	3.8091	1.8858	-3.883	-3.368	-3.553	-3.934	-4.181	-4.411	-4.712	-4.919	-4.951	0.4787	0.0000	4.7	1	-13.266	3.3259615898
	8.00	5.3342413902	5.3342	3.4599	3.7933	1.8242	-3.880	-3.262	-3.458	-3.906	-4.190	-4.450	-4.791	-5.033	-5.067	0.4787	0.0000	5.2	1	-13.266	3.3259789944
	8.00	5.3365921974	5.3366	3.4565	3.7775	1.7647	-3.871	-3.134	-3.349	-3.870	-4.190	-4.480	-4.861	-5.139	-5.178	0.4787	0.0000	5.8	1	-13.265	3.3259885311
	8.00	5.3390479088	5.3390	3.4519	3.7596	1.6978	-3.860	-2.940	-3.206	-3.819	-4.181	-4.505	-4.934	-5.256	-5.299	0.4787	0.0000	6.5	1	-13.265	3.3259987831
	8.00	5.3413496017	5.3413	3.4459	3.7419	1.6335	-3.845	-2.711	-3.049	-3.760	-4.163	-4.520	-4.999	-5.365	-5.412	0.4787	0.0000	7.3	1	-13.265	3.3260080814
	8.00	5.3439574242	5.3440	3.4334	3.7203	1.5597	-3.814	-2.364	-2.827	-3.663	-4.118	-4.515	-5.058	-5.482	-5.535	0.4787	0.0000	8.2	1	-13.265	3.3260188103
	8.00	5.3463382721	5.3463	3.4054	3.6918	1.4738	-3.744	-1.791	-2.480	-3.482	-4.005	-4.454	-5.093	-5.599	-5.660	0.4787	0.0000	9.6	1	-13.265	3.3260285854
	8.00	5.3478546143	5.3479	3.3757	3.6770	1.4447	-3.669	-1.433	-2.254	-3.340	-3.897	-4.374	-5.067	-5.619	-5.685	0.4787	0.0000	10.1	1	-13.264	3.3260347843
	8.00	5.3508806229	5.3509	3.3689	3.6580	1.3756	-3.652	-1.023	-2.029	-3.212	-3.817	-4.333	-5.102	-5.720	-5.797	0.4787	0.0000	11.3	1	-13.264	3.3260471821
	8.00	5.3516812325	5.3517	3.4028	3.6508	1.3130	-3.737	-0.944	-2.030	-3.253	-3.877	-4.409	-5.207	-5.848	-5.930	0.4787	0.0000	12.6	1	-13.264	3.3260502815
	8.00	5.3519282341	5.3519	3.4539	3.6448	1.2380	-3.865	-0.918	-2.079	-3.336	-3.978	-4.525	-5.349	-6.012	-6.097	0.4787	0.0000	14.4	1	-13.264	3.3260514736
	8.00	5.3530297279	5.3530	3.5169	3.6379	1.1475	-4.022	-0.891	-2.143	-3.440	-4.103	-4.669	-5.522	-6.210	-6.300	0.4787	0.0000	16.8	1	-13.264	3.3260560036
	8.00	5.3533520699	5.3534	3.5559	3.6332	1.0896	-4.120	-0.862	-2.176	-3.501	-4.179	-4.757	-5.630	-6.335	-6.429	0.4787	0.0000	18.6	1	-13.264	3.3260571957
	8.00	5.3538832664	5.3539	3.6183	3.6277	1.0051	-4.276	-0.863	-2.256	-3.615	-4.310	-4.902	-5.800	-6.524	-6.621	0.4787	0.0000	21.5	1	-13.264	3.3260593414
	8.00	5.3545660973	5.3546	3.6789	3.6224	0.9235	-4.427	-0.847	-2.324	-3.718	-4.433	-5.042	-5.963	-6.705	-6.807	0.4787	0.0000	24.7	1	-13.264	3.3260622025
	8.00	5.3554563522	5.3555	3.7402	3.6176	0.8428	-4.581	-0.835	-2.392	-3.821	-4.556	-5.183	-6.126	-6.885	-6.992	0.4787	0.0000	28.4	1	-13.264	3.3260657787
	8.00	5.3564033508	5.3564	3.8037	3.6128	0.7605	-4.739	-0.828	-2.468	-3.931	-4.686	-5.329	-6.295	-7.069	-7.181	0.4787	0.0000	32.8	1	-13.264	3.3260695934
	8.00	5.3571791649	5.3572	3.8608	3.6079	0.6837	-4.882	-0.800	-2.524	-4.023	-4.798	-5.458	-6.447	-7.239	-7.356	0.4787	0.0000	37.4	1	-13.264	3.3260726929
	8.00	5.3577837944	5.3578	3.9089	3.6035	0.6182	-5.002	-0.769	-2.569	-4.098	-4.891	-5.566	-6.576	-7.382	-7.505	0.4787	0.0000	41.9	1	-13.264	3.3260753155
	8.00	5.3584079742	5.3584	3.9665	3.5987	0.5415	-5.146	-0.750	-2.625	-4.187	-5.001	-5.695	-6.729	-7.552	-7.680	0.4787	0.0000	47.9	1	-13.249	3.3260776997
	8.00	5.3589177132	5.3589	4.0187	3.5942	0.4710	-5.277	-0.741	-2.658	-4.249	-5.088	-5.807	-6.869	-7.707	-7.839	0.4787	0.0000	54.1	1	-12.731	3.3260798454
	8.00	5.3593335152	5.3593	4.0672	3.5898	0.4052	-5.398	-0.729	-2.686	-4.304	-5.167	-5.911	-6.999	-7.851	-7.988	0.4787	0.0000	60.6	1	-12.247	3.3260815144
	8.00	5.3598809242	5.3599	4.1198	3.5865	0.3395	-5.530	-0.752	-2.745	-4.385	-5.267	-6.029	-7.137	-7.999	-8.141	0.4787	0.0000	67.8	1	-11.764	3.3260836601
	8.00	5.3601074219	5.3601	4.1623	3.5828	0.2823	-5.636	-0.748	-2.773	-4.435	-5.338	-6.119	-7.251	-8.125	-8.271	0.4787	0.0000	74.9	1	-11.343	3.3260846138
	8.00	5.3603334427	5.3603	4.2049	3.5793	0.2254	-5.742	-0.749	-2.804	-4.488	-5.411	-6.211	-7.364	-8.250	-8.401	0.4787	0.0000	82.6	1	-10.925	3.3260855675
	8.00	5.3607487679	5.3607	4.1684	3.5832	0.2776	-5.651	-0.768	-2.794	-4.456	-5.357	-6.136	-7.266	-8.138	-8.284	0.4787	0.0000	75.5	1	-11.309	3.3260872364
	8.00	5.3608241081	5.3608	4.2026	3.5806	0.2329	-5.737	-0.774	-2.823	-4.501	-5.417	-6.211	-7.356	-8.238	-8.386	0.4787	0.0000	81.5	1	-10.980	3.3260874748
	8.00	5.3609185219	5.3609	4.2352	3.5773	0.1875	-5.818	-0.763	-2.838	-4.534	-5.468	-6.278	-7.443	-8.336	-8.489	0.4787	0.0000	88.2	1	-10.646	3.3260879517
	8.00	5.3609371185	5.3609	4.2422	3.5768	0.1783	-5.835	-0.765	-2.844	-4.543	-5.480	-6.293	-7.461	-8.357	-8.510	0.4787	0.0000	89.6	1	-10.579	3.3260879517
