# File generated by CMD 2.2 (http://stev.oapd.inaf.it/cmd) on Mon Sep 14 22:17:24 CEST 2009
# Basic reference: Marigo et al. (2008, A&A 482, 883) 
# Photometric system: <i>UBVRIJHK</i> (cf. Maiz-Apellaniz 2006 + Bessell 1990)
# BCs of Carbon stars derive from Loidl et al. (2001)
# O-rich circumstellar dust ignored
# C-rich circumstellar dust ignored
# IMF: Chabrier (2001) lognormal 
# Kind of output: isochrone tables
#	Isochrone	Z = 0.01800		Age = 	1.000e+08 yr
# log(age/yr)	M_ini   	M_act	logL/Lo	logTe	logG	mbol    U       B       V       R       I       J       H       K	C/O	M_hec	period	pmode	logMdot	int_IMF
	8.00	0.1500000060	0.1500	-2.5073	3.5197	5.1462	11.038	16.030	14.539	12.962	11.835	10.471	9.217	8.670	8.419	0.4787	0.0000	0.0	1	-17.817	1.9609395266
	8.00	0.2000000030	0.2000	-2.2333	3.5413	5.0833	10.353	14.867	13.493	11.992	10.947	9.736	8.585	8.023	7.784	0.4787	0.0000	0.0	1	-17.692	2.2217822075
	8.00	0.2500000000	0.2500	-2.0460	3.5528	5.0390	9.885	14.154	12.842	11.385	10.378	9.245	8.144	7.570	7.342	0.4787	0.0000	0.0	1	-17.573	2.4080901146
	8.00	0.3000000119	0.3000	-1.8974	3.5619	5.0060	9.513	13.562	12.323	10.916	9.934	8.856	7.785	7.206	6.996	0.4787	0.0000	0.0	1	-16.636	2.5475041866
	8.00	0.3499999940	0.3500	-1.7690	3.5704	4.9788	9.193	13.044	11.871	10.510	9.548	8.519	7.474	6.892	6.698	0.4787	0.0000	0.0	1	-15.843	2.6555202007
	8.00	0.4000000060	0.4000	-1.6290	3.5782	4.9278	8.842	12.543	11.419	10.094	9.150	8.161	7.136	6.545	6.366	0.4787	0.0000	0.0	1	-15.157	2.7413372993
	8.00	0.4499999881	0.4500	-1.5053	3.5872	4.8913	8.533	12.075	10.978	9.679	8.764	7.851	6.860	6.243	6.083	0.4787	0.0000	0.0	1	-14.551	2.8109800816
	8.00	0.5000000000	0.5000	-1.3858	3.5975	4.8588	8.234	11.589	10.518	9.246	8.367	7.552	6.604	5.952	5.814	0.4787	0.0000	0.0	1	-14.009	2.8684780598
	8.00	0.5500000119	0.5500	-1.2561	3.6088	4.8155	7.910	11.123	10.062	8.815	7.974	7.233	6.319	5.646	5.523	0.4787	0.0000	0.0	1	-13.519	2.9166350365
	8.00	0.6000000238	0.6000	-1.1316	3.6215	4.7798	7.599	10.667	9.615	8.397	7.595	6.927	6.050	5.361	5.252	0.4787	0.0000	0.0	1	-13.072	2.9573988914
	8.00	0.6999999881	0.7000	-0.8710	3.6503	4.7012	6.947	9.577	8.631	7.517	6.815	6.264	5.479	4.824	4.741	0.4787	0.0000	0.0	1	-12.279	3.0225379467
	8.00	0.8937494159	0.8937	-0.3803	3.7181	4.5881	5.721	7.196	6.754	5.902	5.419	5.020	4.470	4.020	3.971	0.4787	0.0000	0.0	1	-11.702	3.1081192493
	8.00	1.1812483072	1.1812	0.2226	3.7930	4.4058	4.214	4.775	4.769	4.230	3.908	3.629	3.290	3.018	2.993	0.4787	0.0000	0.0	1	-14.145	3.1823301315
	8.00	1.2916904688	1.2917	0.4174	3.8165	4.3436	3.726	4.132	4.170	3.721	3.444	3.203	2.921	2.697	2.678	0.4787	0.0000	0.0	1	-14.417	3.2015099525
	8.00	1.3062505722	1.3062	0.4415	3.8194	4.3360	3.666	4.055	4.097	3.658	3.387	3.151	2.876	2.657	2.639	0.4787	0.0000	0.0	1	-14.440	3.2037708759
	8.00	1.4062505960	1.4062	0.5922	3.8393	4.2973	3.290	3.596	3.640	3.268	3.036	2.833	2.604	2.425	2.410	0.4787	0.0000	0.0	1	-14.559	3.2178740501
	8.00	1.6000000238	1.5999	0.8421	3.8840	4.2819	2.665	2.871	2.875	2.629	2.484	2.360	2.226	2.129	2.119	0.4787	0.0000	0.0	1	-14.703	3.2395837307
	8.00	1.7937494516	1.7936	1.0546	3.9264	4.2885	2.134	2.295	2.256	2.124	2.061	2.010	1.953	1.916	1.910	0.4787	0.0000	0.0	1	-14.811	3.2559337616
	8.00	1.9406242371	1.9406	1.1918	3.9526	4.2904	1.791	1.928	1.909	1.842	1.816	1.798	1.781	1.769	1.766	0.4787	0.0000	0.0	1	-14.884	3.2657811642
	8.00	1.9937493801	1.9937	1.2420	3.9610	4.2857	1.665	1.799	1.797	1.746	1.729	1.719	1.713	1.706	1.705	0.4787	0.0000	0.0	1	-14.909	3.2689211369
	8.00	2.0572574139	2.0573	1.2948	3.9704	4.2843	1.533	1.662	1.680	1.647	1.639	1.638	1.645	1.644	1.645	0.4787	0.0000	0.0	1	-14.938	3.2724173069
	8.00	2.2000000477	2.2000	1.4133	3.9904	4.2746	1.237	1.368	1.434	1.435	1.442	1.456	1.486	1.496	1.501	0.4787	0.0000	0.0	1	-15.001	3.2793695927
	8.00	2.5000000000	2.5000	1.6368	4.0262	4.2500	0.678	0.826	0.998	1.046	1.071	1.106	1.177	1.200	1.216	0.4787	0.0000	0.1	1	-15.120	3.2908382416
	8.00	2.7602686882	2.7603	1.8093	4.0518	4.2229	0.247	0.419	0.673	0.745	0.778	0.824	0.921	0.953	0.976	0.4787	0.0000	0.1	1	-15.212	3.2982997894
	8.00	3.0000000000	3.0000	1.9584	4.0727	4.1934	-0.126	0.072	0.394	0.481	0.519	0.573	0.691	0.728	0.756	0.4787	0.0000	0.1	1	-13.516	3.3037204742
	8.00	3.2454667091	3.2455	2.0995	4.0915	4.1619	-0.479	-0.251	0.131	0.230	0.272	0.332	0.467	0.509	0.542	0.4787	0.0000	0.1	1	-13.481	3.3082144260
	8.00	3.5000000000	3.5000	2.2392	4.1085	4.1230	-0.828	-0.567	-0.136	-0.026	0.019	0.084	0.235	0.281	0.317	0.4787	0.0000	0.1	1	-13.449	3.3120026588
	8.00	3.6148366928	3.6148	2.2989	4.1158	4.1062	-0.977	-0.701	-0.249	-0.135	-0.088	-0.021	0.136	0.183	0.221	0.4787	0.0000	0.1	1	-13.435	3.3134789467
	8.00	3.8974518776	3.8975	2.4445	4.1314	4.0559	-1.341	-1.029	-0.534	-0.411	-0.361	-0.289	-0.119	-0.069	-0.028	0.4787	0.0000	0.1	1	-13.402	3.3166198730
	8.00	4.0000000000	4.0000	2.4976	4.1360	4.0326	-1.474	-1.151	-0.643	-0.517	-0.466	-0.393	-0.220	-0.168	-0.126	0.4787	0.0000	0.1	1	-13.391	3.3176128864
	8.00	4.1469788551	4.1470	2.5726	4.1420	3.9971	-1.662	-1.324	-0.801	-0.671	-0.619	-0.543	-0.366	-0.313	-0.270	0.4787	0.0000	0.1	1	-13.375	3.3189182281
	8.00	4.3442592621	4.3443	2.6740	4.1477	3.9388	-1.915	-1.566	-1.026	-0.892	-0.839	-0.762	-0.580	-0.526	-0.482	0.4787	0.0000	0.1	1	-13.355	3.3204774857
	8.00	4.5000000000	4.5000	2.7553	4.1500	3.8819	-2.118	-1.768	-1.219	-1.083	-1.030	-0.951	-0.768	-0.714	-0.669	0.4787	0.0000	0.1	1	-13.339	3.3215744495
	8.00	4.5188708305	4.5189	2.7650	4.1502	3.8748	-2.143	-1.792	-1.242	-1.106	-1.053	-0.975	-0.791	-0.737	-0.692	0.4787	0.0000	0.1	1	-13.338	3.3217000961
	8.00	4.6612377167	4.6612	2.8401	4.1494	3.8100	-2.330	-1.986	-1.435	-1.298	-1.246	-1.168	-0.985	-0.931	-0.886	0.4787	0.0000	0.2	1	-13.324	3.3226025105
	8.00	4.7824916840	4.7825	2.9056	4.1460	3.7420	-2.494	-2.164	-1.618	-1.482	-1.430	-1.355	-1.173	-1.120	-1.076	0.4787	0.0000	0.2	1	-13.313	3.3233120441
	8.00	4.8860902786	4.8861	2.9632	4.1401	3.6702	-2.638	-2.330	-1.794	-1.660	-1.610	-1.537	-1.359	-1.308	-1.264	0.4787	0.0000	0.2	1	-13.304	3.3238792419
	8.00	4.9748558998	4.9749	3.0143	4.1320	3.5943	-2.766	-2.487	-1.966	-1.834	-1.787	-1.717	-1.545	-1.496	-1.454	0.4787	0.0000	0.2	1	-13.296	3.3243389130
	8.00	5.0000000000	5.0000	3.0292	4.1288	3.5691	-2.803	-2.535	-2.020	-1.890	-1.843	-1.774	-1.605	-1.556	-1.515	0.4787	0.0000	0.3	1	-13.294	3.3244650364
	8.00	5.0528192520	5.0528	3.0603	4.1220	3.5152	-2.881	-2.635	-2.134	-2.006	-1.962	-1.895	-1.731	-1.684	-1.644	0.4787	0.0000	0.3	1	-13.289	3.3247239590
	8.00	5.0867505074	5.0868	3.0815	4.1171	3.4773	-2.934	-2.703	-2.213	-2.087	-2.044	-1.979	-1.819	-1.773	-1.734	0.4787	0.0000	0.3	1	-13.286	3.3248860836
	8.00	5.1180076599	5.1180	3.1026	4.1132	3.4433	-2.987	-2.769	-2.286	-2.162	-2.120	-2.056	-1.900	-1.854	-1.816	0.4787	0.0000	0.3	1	-13.284	3.3250327110
	8.00	5.1369342804	5.1369	3.1173	4.1124	3.4271	-3.023	-2.809	-2.327	-2.203	-2.161	-2.098	-1.942	-1.897	-1.858	0.4787	0.0000	0.3	1	-13.282	3.3251202106
	8.00	5.1519470215	5.1519	3.1325	4.1157	3.4261	-3.061	-2.839	-2.348	-2.223	-2.180	-2.116	-1.957	-1.912	-1.872	0.4787	0.0000	0.3	1	-13.281	3.3251888752
	8.00	5.1622939110	5.1623	3.1485	4.1238	3.4435	-3.101	-2.857	-2.347	-2.217	-2.173	-2.106	-1.940	-1.893	-1.852	0.4787	0.0000	0.3	1	-13.280	3.3252360821
	8.00	5.1692748070	5.1693	3.1729	4.1417	3.4912	-3.162	-2.863	-2.314	-2.176	-2.127	-2.054	-1.875	-1.823	-1.779	0.4787	0.0000	0.3	1	-13.279	3.3252675533
	8.00	5.1712498665	5.1712	3.1955	4.1567	3.5288	-3.219	-2.872	-2.291	-2.146	-2.093	-2.015	-1.825	-1.770	-1.723	0.4787	0.0000	0.3	1	-13.279	3.3252763748
	8.00	5.1723775864	5.1724	3.2236	4.1721	3.5626	-3.289	-2.891	-2.278	-2.126	-2.069	-1.986	-1.784	-1.726	-1.677	0.4787	0.0000	0.3	1	-13.279	3.3252816200
	8.00	5.1724934578	5.1725	3.2172	4.1709	3.5642	-3.273	-2.879	-2.268	-2.117	-2.060	-1.977	-1.777	-1.719	-1.670	0.4787	0.0000	0.3	1	-13.279	3.3252820969
	8.00	5.1727247238	5.1727	3.1852	4.1598	3.5517	-3.193	-2.835	-2.248	-2.102	-2.048	-1.969	-1.776	-1.721	-1.674	0.4787	0.0000	0.3	1	-13.279	3.3252830505
	8.00	5.1729745865	5.1730	3.1702	4.1463	3.5129	-3.156	-2.842	-2.283	-2.142	-2.092	-2.018	-1.835	-1.783	-1.738	0.4787	0.0000	0.3	1	-13.279	3.3252842426
	8.00	5.1732954979	5.1733	3.1769	4.1290	3.4369	-3.172	-2.914	-2.391	-2.258	-2.213	-2.144	-1.974	-1.926	-1.884	0.4787	0.0000	0.3	1	-13.279	3.3252856731
	8.00	5.1735806465	5.1736	3.1927	4.1153	3.3663	-3.212	-2.995	-2.501	-2.375	-2.333	-2.270	-2.111	-2.066	-2.026	0.4787	0.0000	0.4	1	-13.279	3.3252868652
	8.00	5.1739010811	5.1739	3.2068	4.1012	3.2957	-3.247	-3.072	-2.609	-2.490	-2.451	-2.393	-2.246	-2.204	-2.167	0.4787	0.0000	0.4	1	-13.279	3.3252885342
	8.00	5.1742753983	5.1743	3.2170	4.0849	3.2205	-3.273	-3.138	-2.716	-2.603	-2.569	-2.517	-2.383	-2.346	-2.312	0.4787	0.0000	0.5	1	-13.279	3.3252902031
	8.00	5.1747026443	5.1747	3.2229	4.0669	3.1426	-3.287	-3.191	-2.817	-2.713	-2.684	-2.639	-2.521	-2.489	-2.458	0.4787	0.0000	0.5	1	-13.279	3.3252921104
	8.00	5.1751480103	5.1751	3.2251	4.0481	3.0651	-3.293	-3.230	-2.911	-2.816	-2.791	-2.753	-2.654	-2.627	-2.599	0.4787	0.0000	0.6	1	-13.279	3.3252940178
	8.00	5.1752905846	5.1753	3.2256	4.0419	3.0401	-3.294	-3.240	-2.939	-2.847	-2.824	-2.789	-2.696	-2.671	-2.645	0.4787	0.0000	0.6	1	-13.279	3.3252947330
	8.00	5.1757168770	5.1757	3.2242	4.0229	2.9652	-3.291	-3.261	-3.019	-2.936	-2.919	-2.892	-2.819	-2.801	-2.779	0.4787	0.0000	0.7	1	-13.279	3.3252966404
	8.00	5.1761431694	5.1761	3.2206	4.0025	2.8874	-3.282	-3.270	-3.092	-3.022	-3.010	-2.994	-2.944	-2.934	-2.916	0.4787	0.0000	0.8	1	-13.279	3.3252985477
	8.00	5.1765923500	5.1766	3.2141	3.9787	2.7989	-3.265	-3.261	-3.162	-3.110	-3.108	-3.103	-3.084	-3.083	-3.073	0.4787	0.0000	1.0	1	-13.279	3.3253004551
	8.00	5.1770420074	5.1770	3.2047	3.9524	2.7030	-3.242	-3.226	-3.215	-3.192	-3.202	-3.215	-3.233	-3.244	-3.242	0.4787	0.0000	1.1	1	-13.279	3.3253026009
	8.00	5.1774678230	5.1775	3.1922	3.9238	2.6013	-3.211	-3.141	-3.227	-3.249	-3.284	-3.322	-3.384	-3.414	-3.421	0.4787	0.0000	1.4	1	-13.279	3.3253045082
	8.00	5.1777038574	5.1777	3.1836	3.9062	2.5395	-3.189	-3.063	-3.198	-3.261	-3.319	-3.378	-3.472	-3.518	-3.530	0.4787	0.0000	1.5	1	-13.279	3.3253054619
	8.00	5.1779170036	5.1779	3.1747	3.8894	2.4811	-3.167	-2.982	-3.150	-3.258	-3.344	-3.426	-3.552	-3.618	-3.634	0.4787	0.0000	1.7	1	-13.279	3.3253064156
	8.00	5.1781296730	5.1781	3.1641	3.8705	2.4161	-3.140	-2.884	-3.073	-3.242	-3.363	-3.476	-3.638	-3.731	-3.751	0.4787	0.0000	1.9	1	-13.279	3.3253073692
	8.00	5.1783657074	5.1784	3.1500	3.8468	2.3354	-3.105	-2.746	-2.937	-3.203	-3.376	-3.532	-3.743	-3.874	-3.898	0.4787	0.0000	2.1	1	-13.278	3.3253085613
	8.00	5.1785783768	5.1786	3.1347	3.8225	2.2535	-3.067	-2.584	-2.778	-3.145	-3.374	-3.576	-3.842	-4.018	-4.046	0.4787	0.0000	2.5	1	-13.278	3.3253095150
	8.00	5.1787905693	5.1788	3.1165	3.7948	2.1610	-3.021	-2.351	-2.572	-3.061	-3.353	-3.608	-3.941	-4.175	-4.210	0.4787	0.0000	2.9	1	-13.278	3.3253104687
	8.00	5.1790032387	5.1790	3.0941	3.7631	2.0566	-2.965	-1.984	-2.296	-2.943	-3.307	-3.622	-4.038	-4.346	-4.389	0.4787	0.0000	3.5	1	-13.278	3.3253114223
	8.00	5.1792154312	5.1792	3.0646	3.7309	1.9573	-2.892	-1.476	-1.959	-2.784	-3.223	-3.596	-4.104	-4.494	-4.544	0.4787	0.0000	4.1	1	-13.278	3.3253123760
	8.00	5.1794281006	5.1794	3.0293	3.7076	1.8994	-2.803	-1.001	-1.656	-2.614	-3.109	-3.522	-4.107	-4.558	-4.615	0.4787	0.0000	4.5	1	-13.278	3.3253133297
	8.00	5.1797585487	5.1798	2.9642	3.6817	1.8608	-2.641	-0.360	-1.237	-2.335	-2.892	-3.353	-4.032	-4.560	-4.628	0.4787	0.0000	4.9	1	-13.278	3.3253147602
	8.00	5.1799001694	5.1799	2.9494	3.6734	1.8425	-2.603	-0.162	-1.115	-2.255	-2.833	-3.310	-4.021	-4.574	-4.647	0.4787	0.0000	5.0	1	-13.278	3.3253154755
	8.00	5.1801791191	5.1802	3.0004	3.6573	1.7271	-2.731	0.054	-1.062	-2.282	-2.902	-3.416	-4.192	-4.800	-4.883	0.4787	0.0000	6.1	1	-13.278	3.3253166676
	8.00	5.1803565025	5.1804	3.0648	3.6490	1.6298	-2.892	0.086	-1.126	-2.391	-3.032	-3.566	-4.375	-5.010	-5.098	0.4787	0.0000	7.2	1	-13.278	3.3253173828
	8.00	5.1805338860	5.1805	3.1191	3.6430	1.5511	-3.028	0.107	-1.180	-2.477	-3.139	-3.689	-4.525	-5.182	-5.274	0.4787	0.0000	8.3	1	-13.278	3.3253183365
	8.00	5.1808886528	5.1809	3.1876	3.6363	1.4560	-3.199	0.115	-1.260	-2.595	-3.278	-3.847	-4.712	-5.391	-5.490	0.4787	0.0000	9.8	1	-13.278	3.3253197670
	8.00	5.1815218925	5.1815	3.2601	3.6293	1.3554	-3.380	0.130	-1.345	-2.720	-3.425	-4.015	-4.910	-5.613	-5.717	0.4787	0.0000	11.6	1	-13.278	3.3253226280
	8.00	5.1822566986	5.1823	3.3287	3.6227	1.2607	-3.552	0.150	-1.419	-2.833	-3.561	-4.172	-5.096	-5.822	-5.931	0.4787	0.0000	13.7	1	-13.278	3.3253259659
	8.00	5.1829910278	5.1830	3.3982	3.6168	1.1675	-3.725	0.166	-1.493	-2.944	-3.695	-4.330	-5.282	-6.028	-6.144	0.4787	0.0000	16.1	1	-13.278	3.3253293037
	8.00	5.1837501526	5.1838	3.4639	3.6114	1.0805	-3.890	0.176	-1.567	-3.051	-3.824	-4.480	-5.457	-6.221	-6.342	0.4787	0.0000	18.7	1	-13.278	3.3253326416
	8.00	5.1861524582	5.1862	3.5598	3.6034	0.9526	-4.129	0.204	-1.669	-3.206	-4.011	-4.698	-5.713	-6.504	-6.634	0.4787	0.0000	23.3	1	-13.278	3.3253433704
	8.00	5.1969661713	5.1970	3.4822	3.6108	1.0608	-3.935	0.155	-1.601	-3.091	-3.866	-4.524	-5.504	-6.270	-6.392	0.4787	0.0000	19.4	1	-13.277	3.3253915310
	8.00	5.2040419579	5.2040	3.3784	3.6199	1.2015	-3.676	0.122	-1.495	-2.928	-3.667	-4.289	-5.227	-5.961	-6.074	0.4787	0.0000	15.2	1	-13.276	3.3254230022
	8.00	5.2099847794	5.2100	3.2828	3.6288	1.3332	-3.437	0.092	-1.394	-2.774	-3.480	-4.071	-4.968	-5.672	-5.777	0.4787	0.0000	12.1	1	-13.276	3.3254492283
	8.00	5.2159171104	5.2159	3.2078	3.6360	1.4376	-3.249	0.077	-1.306	-2.644	-3.327	-3.897	-4.763	-5.443	-5.542	0.4787	0.0000	10.1	1	-13.275	3.3254754543
	8.00	5.2222986221	5.2223	3.1536	3.6419	1.5160	-3.114	0.054	-1.251	-2.556	-3.220	-3.773	-4.614	-5.274	-5.367	0.4787	0.0000	8.8	1	-13.275	3.3255033493
	8.00	5.2311220169	5.2311	3.1120	3.6483	1.5838	-3.010	-0.003	-1.231	-2.503	-3.147	-3.682	-4.496	-5.132	-5.221	0.4787	0.0000	7.9	1	-13.274	3.3255419731
	8.00	5.2401185036	5.2401	3.0946	3.6539	1.6244	-2.966	-0.087	-1.254	-2.498	-3.126	-3.648	-4.438	-5.055	-5.140	0.4787	0.0000	7.3	1	-13.273	3.3255810738
	8.00	5.2613792419	5.2614	3.2384	3.7168	1.7340	-3.326	-1.653	-2.261	-3.173	-3.646	-4.043	-4.596	-5.020	-5.074	0.4787	0.0000	6.1	1	-13.272	3.3256728649
	8.00	5.2680687904	5.2681	3.2526	3.7343	1.7902	-3.361	-1.971	-2.456	-3.266	-3.698	-4.064	-4.562	-4.939	-4.989	0.4787	0.0000	5.5	1	-13.271	3.3257014751
	8.00	5.2731337547	5.2731	3.2587	3.7361	1.7917	-3.377	-2.012	-2.487	-3.287	-3.714	-4.077	-4.569	-4.942	-4.991	0.4787	0.0000	5.5	1	-13.271	3.3257229328
	8.00	5.2770843506	5.2771	3.2632	3.7377	1.7941	-3.388	-2.048	-2.513	-3.303	-3.726	-4.086	-4.574	-4.942	-4.991	0.4787	0.0000	5.5	1	-13.270	3.3257398605
	8.00	5.2795348167	5.2795	3.2659	3.7388	1.7959	-3.395	-2.070	-2.529	-3.313	-3.734	-4.091	-4.576	-4.941	-4.990	0.4787	0.0000	5.5	1	-13.270	3.3257503510
	8.00	5.2820177078	5.2820	3.2686	3.7399	1.7978	-3.402	-2.093	-2.545	-3.323	-3.741	-4.097	-4.578	-4.941	-4.989	0.4787	0.0000	5.4	1	-13.270	3.3257608414
	8.00	5.2845735550	5.2846	3.2714	3.7409	1.7994	-3.408	-2.115	-2.561	-3.333	-3.749	-4.102	-4.581	-4.941	-4.989	0.4787	0.0000	5.4	1	-13.270	3.3257715702
	8.00	5.2882351875	5.2882	3.2752	3.7423	1.8013	-3.418	-2.145	-2.583	-3.347	-3.759	-4.110	-4.585	-4.941	-4.989	0.4787	0.0000	5.4	1	-13.269	3.3257870674
	8.00	5.2919602394	5.2920	3.2791	3.7436	1.8028	-3.428	-2.174	-2.604	-3.360	-3.770	-4.119	-4.589	-4.942	-4.990	0.4787	0.0000	5.4	1	-13.269	3.3258028030
	8.00	5.2955121994	5.2955	3.2828	3.7447	1.8038	-3.437	-2.199	-2.622	-3.373	-3.780	-4.126	-4.594	-4.944	-4.991	0.4787	0.0000	5.4	1	-13.269	3.3258178234
	8.00	5.2992062569	5.2992	3.2866	3.7457	1.8044	-3.446	-2.223	-2.641	-3.385	-3.790	-4.135	-4.599	-4.946	-4.994	0.4787	0.0000	5.4	1	-13.268	3.3258333206
	8.00	5.3050694466	5.3051	3.2924	3.7469	1.8040	-3.461	-2.255	-2.666	-3.403	-3.805	-4.148	-4.608	-4.952	-5.000	0.4787	0.0000	5.4	1	-13.268	3.3258578777
	8.00	5.3171405792	5.3171	3.3039	3.7482	1.7988	-3.490	-2.303	-2.706	-3.436	-3.834	-4.175	-4.631	-4.972	-5.019	0.4787	0.0000	5.4	1	-13.267	3.3259081841
	8.00	5.3473739624	5.3474	3.3196	3.7335	1.7267	-3.529	-2.118	-2.617	-3.433	-3.866	-4.233	-4.733	-5.111	-5.161	0.4787	0.0000	6.2	1	-13.265	3.3260328770
	8.00	5.3643636703	5.3644	3.3102	3.7094	1.6408	-3.505	-1.690	-2.368	-3.326	-3.817	-4.226	-4.805	-5.247	-5.304	0.4787	0.0000	7.2	1	-13.263	3.3261020184
	8.00	5.3731994629	5.3732	3.2925	3.6888	1.5769	-3.461	-1.259	-2.118	-3.193	-3.734	-4.180	-4.833	-5.334	-5.399	0.4787	0.0000	8.0	1	-13.262	3.3261375427
	8.00	5.3789987564	5.3790	3.2728	3.6756	1.5443	-3.412	-0.948	-1.932	-3.081	-3.653	-4.124	-4.826	-5.367	-5.439	0.4787	0.0000	8.5	1	-13.262	3.3261609077
	8.00	5.3849992752	5.3850	3.2525	3.6647	1.5216	-3.361	-0.673	-1.762	-2.963	-3.563	-4.059	-4.805	-5.383	-5.461	0.4787	0.0000	8.8	1	-13.261	3.3261849880
	8.00	5.3884725571	5.3885	3.2495	3.6607	1.5086	-3.354	-0.579	-1.708	-2.930	-3.541	-4.045	-4.808	-5.400	-5.481	0.4787	0.0000	9.0	1	-13.261	3.3261990547
	8.00	5.3922753334	5.3923	3.2556	3.6570	1.4882	-3.369	-0.516	-1.683	-2.923	-3.543	-4.056	-4.834	-5.437	-5.521	0.4787	0.0000	9.3	1	-13.261	3.3262140751
	8.00	5.3944091797	5.3944	3.2591	3.6546	1.4751	-3.378	-0.470	-1.663	-2.916	-3.542	-4.061	-4.849	-5.461	-5.546	0.4787	0.0000	9.6	1	-13.261	3.3262226582
	8.00	5.3966407776	5.3966	3.2627	3.6519	1.4610	-3.387	-0.420	-1.642	-2.908	-3.542	-4.066	-4.865	-5.486	-5.573	0.4787	0.0000	9.8	1	-13.261	3.3262314796
	8.00	5.3987360001	5.3987	3.2659	3.6493	1.4477	-3.395	-0.370	-1.620	-2.899	-3.540	-4.070	-4.880	-5.510	-5.598	0.4787	0.0000	10.0	1	-13.260	3.3262398243
	8.00	5.4011135101	5.4011	3.2693	3.6463	1.4325	-3.403	-0.307	-1.589	-2.883	-3.533	-4.073	-4.895	-5.536	-5.626	0.4787	0.0000	10.3	1	-13.260	3.3262493610
	8.00	5.4032869339	5.4033	3.2712	3.6429	1.4171	-3.408	-0.230	-1.550	-2.860	-3.521	-4.071	-4.908	-5.561	-5.654	0.4787	0.0000	10.6	1	-13.260	3.3262579441
	8.00	5.4046735764	5.4047	3.2718	3.6410	1.4091	-3.409	-0.185	-1.527	-2.846	-3.513	-4.068	-4.913	-5.573	-5.668	0.4787	0.0000	10.7	1	-13.260	3.3262634277
	8.00	5.4074435234	5.4074	3.3066	3.6342	1.3472	-3.496	-0.096	-1.523	-2.877	-3.567	-4.141	-5.016	-5.700	-5.800	0.4787	0.0000	11.9	1	-13.260	3.3262743950
	8.00	5.4081768990	5.4082	3.3378	3.6299	1.2988	-3.575	-0.058	-1.543	-2.921	-3.624	-4.211	-5.104	-5.803	-5.907	0.4787	0.0000	13.0	1	-13.260	3.3262772560
	8.00	5.4084715843	5.4085	3.3906	3.6246	1.2249	-3.706	-0.038	-1.600	-3.010	-3.729	-4.332	-5.248	-5.965	-6.073	0.4787	0.0000	14.7	1	-13.260	3.3262784481
	8.00	5.4097867012	5.4098	3.4541	3.6184	1.1365	-3.865	-0.002	-1.655	-3.102	-3.846	-4.474	-5.420	-6.158	-6.273	0.4787	0.0000	17.2	1	-13.259	3.3262836933
	8.00	5.4101715088	5.4102	3.4881	3.6152	1.0899	-3.950	0.014	-1.687	-3.153	-3.911	-4.551	-5.511	-6.260	-6.378	0.4787	0.0000	18.6	1	-13.259	3.3262851238
	8.00	5.4108057022	5.4108	3.5453	3.6101	1.0122	-4.093	0.037	-1.743	-3.242	-4.019	-4.680	-5.664	-6.431	-6.554	0.4787	0.0000	21.3	1	-13.259	3.3262877464
	8.00	5.4116206169	5.4116	3.6034	3.6049	0.9334	-4.239	0.065	-1.800	-3.332	-4.131	-4.812	-5.820	-6.604	-6.733	0.4787	0.0000	24.4	1	-13.259	3.3262908459
	8.00	5.4126834869	5.4127	3.6672	3.5991	0.8467	-4.398	0.095	-1.857	-3.425	-4.249	-4.955	-5.991	-6.794	-6.930	0.4787	0.0000	28.3	1	-13.259	3.3262951374
	8.00	5.4138131142	5.4138	3.7351	3.5932	0.7551	-4.568	0.081	-1.905	-3.502	-4.355	-5.100	-6.174	-6.995	-7.138	0.4787	0.0000	33.2	1	-13.259	3.3262994289
	8.00	5.4147386551	5.4147	3.7970	3.5876	0.6708	-4.723	0.069	-1.947	-3.569	-4.451	-5.231	-6.340	-7.180	-7.328	0.4787	0.0000	38.4	1	-13.259	3.3263032436
	8.00	5.4154605865	5.4155	3.8514	3.5826	0.5967	-4.859	0.058	-1.982	-3.628	-4.535	-5.346	-6.486	-7.343	-7.496	0.4787	0.0000	43.6	1	-13.259	3.3263061047
	8.00	5.4162049294	5.4162	3.9163	3.5764	0.5071	-5.021	0.047	-2.021	-3.695	-4.633	-5.482	-6.660	-7.538	-7.698	0.4787	0.0000	50.9	1	-13.259	3.3263089657
	8.00	5.4168133736	5.4168	3.9769	3.5704	0.4224	-5.172	-0.024	-1.986	-3.661	-4.653	-5.577	-6.831	-7.726	-7.891	0.4787	0.0000	58.9	1	-12.837	3.3263113499
	8.00	5.4173088074	5.4173	4.0267	3.5659	0.3548	-5.297	-0.112	-1.962	-3.629	-4.665	-5.654	-6.972	-7.879	-8.046	0.4787	0.0000	66.2	1	-12.341	3.3263132572
	8.00	5.4179615974	5.4180	4.0963	3.5604	0.2631	-5.471	-0.255	-1.953	-3.608	-4.698	-5.768	-7.166	-8.089	-8.259	0.4787	0.0000	77.6	1	-11.666	3.3263158798
	8.00	5.4182319641	5.4182	4.1443	3.5557	0.1963	-5.591	-0.364	-1.921	-3.560	-4.697	-5.837	-7.302	-8.240	-8.412	0.4787	0.0000	87.1	1	-11.175	3.3263168335
	8.00	5.4185018539	5.4185	4.1930	3.5509	0.1283	-5.712	-0.487	-1.890	-3.511	-4.694	-5.907	-7.440	-8.394	-8.567	0.4787	0.0000	97.9	1	-10.675	3.3263180256
	8.00	5.4189968109	5.4190	4.2169	3.5486	0.0956	-5.772	-0.508	-1.857	-3.471	-4.682	-5.931	-7.507	-8.466	-8.642	0.4787	0.0000	103.6	1	-10.435	3.3263199329
	8.00	5.4190869331	5.4191	4.2606	3.5441	0.0336	-5.882	-0.485	-1.746	-3.347	-4.621	-5.950	-7.630	-8.597	-8.779	0.4787	0.0000	115.4	1	-9.979	3.3263204098
	8.00	5.4191989899	5.4192	4.2943	3.5404	-0.0147	-5.966	-0.466	-1.655	-3.246	-4.569	-5.963	-7.725	-8.699	-8.885	0.4787	0.0000	125.4	1	-9.624	3.3263206482
	8.00	5.4192214012	5.4192	4.3004	3.5398	-0.0234	-5.981	-0.463	-1.639	-3.228	-4.560	-5.966	-7.742	-8.717	-8.904	0.4787	0.0000	127.3	1	-9.560	3.3263208866
