# File generated by CMD 2.2 (http://stev.oapd.inaf.it/cmd) on Mon Sep 14 22:16:51 CEST 2009
# Basic reference: Marigo et al. (2008, A&A 482, 883) 
# Photometric system: <i>UBVRIJHK</i> (cf. Maiz-Apellaniz 2006 + Bessell 1990)
# BCs of Carbon stars derive from Loidl et al. (2001)
# O-rich circumstellar dust ignored
# C-rich circumstellar dust ignored
# IMF: Chabrier (2001) lognormal 
# Kind of output: isochrone tables
#	Isochrone	Z = 0.01600		Age = 	5.000e+08 yr
# log(age/yr)	M_ini   	M_act	logL/Lo	logTe	logG	mbol    U       B       V       R       I       J       H       K	C/O	M_hec	period	pmode	logMdot	int_IMF
	8.70	0.1500000060	0.1500	-2.4990	3.5227	5.1499	11.017	15.966	14.463	12.881	11.768	10.439	9.208	8.656	8.407	0.4787	0.0000	0.0	1	-17.817	1.9609395266
	8.70	0.2000000030	0.2000	-2.2241	3.5442	5.0861	10.330	14.806	13.421	11.916	10.881	9.706	8.575	8.008	7.770	0.4787	0.0000	0.0	1	-17.692	2.2217822075
	8.70	0.2500000000	0.2500	-2.0364	3.5558	5.0414	9.861	14.073	12.766	11.313	10.314	9.215	8.128	7.553	7.330	0.4787	0.0000	0.0	1	-17.573	2.4080901146
	8.70	0.3000000119	0.3000	-1.8875	3.5649	5.0082	9.489	13.473	12.244	10.843	9.868	8.825	7.769	7.190	6.984	0.4787	0.0000	0.0	1	-16.636	2.5475041866
	8.70	0.3499999940	0.3500	-1.7595	3.5733	4.9809	9.169	12.954	11.794	10.438	9.484	8.488	7.459	6.877	6.687	0.4787	0.0000	0.0	1	-15.843	2.6555202007
	8.70	0.4000000060	0.4000	-1.6184	3.5810	4.9284	8.816	12.462	11.342	10.016	9.082	8.132	7.125	6.529	6.354	0.4787	0.0000	0.0	1	-15.157	2.7413372993
	8.70	0.4499999881	0.4500	-1.4952	3.5900	4.8923	8.508	11.989	10.901	9.603	8.699	7.824	6.850	6.228	6.071	0.4787	0.0000	0.0	1	-14.551	2.8109800816
	8.70	0.5000000000	0.5000	-1.3737	3.6004	4.8581	8.204	11.492	10.435	9.168	8.301	7.520	6.588	5.932	5.798	0.4787	0.0000	0.0	1	-14.009	2.8684780598
	8.70	0.5500000119	0.5500	-1.2425	3.6118	4.8141	7.876	11.037	9.987	8.748	7.917	7.198	6.297	5.625	5.503	0.4787	0.0000	0.0	1	-13.519	2.9166350365
	8.70	0.6000000238	0.6000	-1.1166	3.6245	4.7766	7.561	10.576	9.538	8.329	7.538	6.889	6.024	5.335	5.227	0.4787	0.0000	0.0	1	-13.072	2.9573988914
	8.70	0.6999999881	0.7000	-0.8514	3.6539	4.6961	6.898	9.442	8.536	7.440	6.754	6.213	5.442	4.799	4.716	0.4787	0.0000	0.0	1	-12.279	3.0225379467
	8.70	0.8801328540	0.8801	-0.3850	3.7195	4.5913	5.732	7.167	6.751	5.909	5.431	5.035	4.488	4.042	3.993	0.4787	0.0000	0.0	1	-11.613	3.1033451557
	8.70	1.0333459377	1.0333	-0.0372	3.7628	4.4868	4.863	5.707	5.586	4.927	4.547	4.220	3.800	3.461	3.428	0.4787	0.0000	0.0	1	-13.192	3.1496279240
	8.70	1.1403986216	1.1403	0.1739	3.7885	4.4213	4.335	4.922	4.914	4.361	4.032	3.745	3.393	3.110	3.084	0.4787	0.0000	0.0	1	-13.973	3.1742122173
	8.70	1.1899268627	1.1898	0.2707	3.8004	4.3902	4.093	4.581	4.610	4.105	3.798	3.530	3.208	2.950	2.928	0.4787	0.0000	0.0	1	-14.175	3.1839773655
	8.70	1.2402477264	1.2401	0.3653	3.8119	4.3596	3.857	4.280	4.322	3.860	3.575	3.325	3.031	2.796	2.776	0.4787	0.0000	0.0	1	-14.316	3.1930391788
	8.70	1.2747685909	1.2746	0.4278	3.8194	4.3391	3.701	4.081	4.132	3.697	3.427	3.189	2.913	2.693	2.675	0.4787	0.0000	0.0	1	-14.388	3.1988081932
	8.70	1.3006771803	1.3005	0.4731	3.8247	4.3239	3.587	3.938	3.994	3.579	3.319	3.090	2.827	2.618	2.601	0.4787	0.0000	0.0	1	-14.431	3.2029120922
	8.70	1.3198671341	1.3196	0.5053	3.8285	4.3131	3.507	3.845	3.900	3.497	3.244	3.021	2.766	2.565	2.548	0.4787	0.0000	0.0	1	-14.460	3.2058343887
	8.70	1.4198671579	1.4195	0.6567	3.8489	4.2750	3.128	3.398	3.444	3.106	2.892	2.705	2.496	2.334	2.321	0.4787	0.0000	0.0	1	-14.572	3.2196204662
	8.70	1.5166603327	1.5162	0.7889	3.8704	4.2575	2.798	3.024	3.045	2.766	2.595	2.447	2.284	2.163	2.152	0.4787	0.0000	0.0	1	-14.648	3.2310168743
	8.70	1.6000000238	1.5995	0.8970	3.8865	4.2369	2.527	2.731	2.729	2.493	2.355	2.236	2.106	2.012	2.003	0.4787	0.0000	0.0	1	-14.703	3.2395837307
	8.70	1.7371175289	1.7364	1.0570	3.9108	4.2099	2.127	2.305	2.271	2.103	2.013	1.937	1.852	1.796	1.788	0.4787	0.0000	0.1	1	-14.781	3.2516021729
	8.70	1.7801328897	1.7793	1.1050	3.9170	4.1974	2.007	2.179	2.138	1.988	1.910	1.845	1.771	1.723	1.716	0.4787	0.0000	0.1	1	-14.803	3.2549221516
	8.70	1.8992735147	1.8991	1.2314	3.9321	4.1596	1.691	1.847	1.801	1.695	1.643	1.601	1.552	1.521	1.515	0.4787	0.0000	0.1	1	-14.864	3.2631917000
	8.70	1.9201992750	1.9202	1.2532	3.9344	4.1517	1.637	1.790	1.745	1.645	1.597	1.558	1.512	1.484	1.478	0.4787	0.0000	0.1	1	-14.874	3.2645187378
	8.70	1.9801328182	1.9801	1.3143	3.9395	4.1242	1.484	1.630	1.589	1.503	1.463	1.431	1.393	1.370	1.364	0.4787	0.0000	0.1	1	-14.902	3.2681353092
	8.70	2.0327684879	2.0328	1.3668	3.9441	4.1018	1.353	1.493	1.455	1.382	1.349	1.323	1.292	1.273	1.269	0.4787	0.0000	0.1	1	-14.927	3.2711012363
	8.70	2.1423931122	2.1424	1.4745	3.9512	4.0454	1.084	1.214	1.182	1.130	1.108	1.091	1.070	1.058	1.054	0.4787	0.0000	0.1	1	-14.976	3.2767024040
	8.70	2.2000000477	2.2000	1.5302	3.9533	4.0095	0.944	1.072	1.044	0.998	0.978	0.964	0.945	0.935	0.931	0.4787	0.0000	0.1	1	-15.001	3.2793695927
	8.70	2.2430772781	2.2431	1.5711	3.9548	3.9827	0.842	0.967	0.942	0.901	0.882	0.870	0.853	0.843	0.840	0.4787	0.0000	0.1	1	-15.019	3.2812528610
	8.70	2.3212327957	2.3212	1.6447	3.9548	3.9241	0.658	0.779	0.754	0.717	0.699	0.687	0.670	0.660	0.658	0.4787	0.0000	0.1	1	-15.051	3.2844493389
	8.70	2.3877692223	2.3878	1.7065	3.9520	3.8636	0.504	0.622	0.590	0.552	0.533	0.518	0.497	0.486	0.483	0.4787	0.0000	0.1	1	-15.077	3.2869665623
	8.70	2.4449048042	2.4449	1.7586	3.9468	3.8009	0.374	0.494	0.451	0.407	0.382	0.362	0.334	0.319	0.314	0.4787	0.0000	0.1	1	-15.099	3.2889928818
	8.70	2.4941933155	2.4942	1.8022	3.9394	3.7365	0.264	0.392	0.335	0.279	0.245	0.217	0.178	0.157	0.151	0.4787	0.0000	0.1	1	-15.118	3.2906484604
	8.70	2.5000000000	2.5000	1.8073	3.9383	3.7278	0.252	0.381	0.322	0.263	0.228	0.199	0.158	0.136	0.130	0.4787	0.0000	0.1	1	-15.120	3.2908382416
	8.70	2.5390548706	2.5391	1.8404	3.9308	3.6713	0.169	0.307	0.232	0.160	0.117	0.080	0.027	-0.002	-0.009	0.4787	0.0000	0.2	1	-15.134	3.2920854092
	8.70	2.5775313377	2.5775	1.8731	3.9215	3.6080	0.087	0.240	0.148	0.058	0.003	-0.046	-0.114	-0.151	-0.160	0.4787	0.0000	0.2	1	-15.148	3.2932665348
	8.70	2.5947983265	2.5948	1.8887	3.9172	3.5784	0.048	0.208	0.113	0.013	-0.049	-0.104	-0.179	-0.220	-0.230	0.4787	0.0000	0.2	1	-15.155	3.2937817574
	8.70	2.6108250618	2.6108	1.9051	3.9142	3.5523	0.007	0.173	0.075	-0.033	-0.100	-0.158	-0.239	-0.284	-0.294	0.4787	0.0000	0.2	1	-15.160	3.2942521572
	8.70	2.6206917763	2.6207	1.9176	3.9138	3.5399	-0.024	0.142	0.042	-0.065	-0.132	-0.191	-0.273	-0.318	-0.329	0.4787	0.0000	0.2	1	-15.164	3.2945380211
	8.70	2.6294717789	2.6295	1.9340	3.9170	3.5380	-0.065	0.094	-0.004	-0.102	-0.163	-0.217	-0.293	-0.335	-0.345	0.4787	0.0000	0.2	1	-15.167	3.2947900295
	8.70	2.6356294155	2.6356	1.9543	3.9254	3.5522	-0.116	0.026	-0.066	-0.141	-0.188	-0.230	-0.292	-0.323	-0.332	0.4787	0.0000	0.2	1	-15.169	3.2949655056
	8.70	2.6397819519	2.6398	1.9903	3.9445	3.5933	-0.206	-0.096	-0.144	-0.180	-0.205	-0.225	-0.258	-0.274	-0.279	0.4787	0.0000	0.2	1	-15.171	3.2950832844
	8.70	2.6409611702	2.6410	2.0247	3.9617	3.6279	-0.292	-0.198	-0.201	-0.207	-0.216	-0.221	-0.230	-0.235	-0.235	0.4787	0.0000	0.2	1	-15.171	3.2951166630
	8.70	2.6415631771	2.6416	2.0646	3.9790	3.6571	-0.392	-0.306	-0.259	-0.239	-0.235	-0.228	-0.213	-0.209	-0.204	0.4787	0.0000	0.2	1	-15.171	3.2951335907
	8.70	2.6416671276	2.6417	2.0481	3.9760	3.6616	-0.350	-0.265	-0.227	-0.211	-0.209	-0.203	-0.192	-0.190	-0.186	0.4787	0.0000	0.2	1	-15.171	3.2951364517
	8.70	2.6418058872	2.6418	2.0122	3.9634	3.6472	-0.261	-0.167	-0.166	-0.169	-0.177	-0.182	-0.188	-0.192	-0.191	0.4787	0.0000	0.2	1	-15.171	3.2951405048
	8.70	2.6419913769	2.6420	2.0038	3.9488	3.5973	-0.240	-0.137	-0.176	-0.202	-0.222	-0.238	-0.264	-0.277	-0.280	0.4787	0.0000	0.2	1	-15.171	3.2951457500
	8.70	2.6422677040	2.6423	2.0138	3.9319	3.5197	-0.265	-0.136	-0.215	-0.273	-0.312	-0.346	-0.398	-0.424	-0.431	0.4787	0.0000	0.2	1	-15.172	3.2951533794
	8.70	2.6426687241	2.6427	2.0251	3.9127	3.4317	-0.293	-0.129	-0.235	-0.338	-0.404	-0.463	-0.547	-0.593	-0.603	0.4787	0.0000	0.3	1	-15.172	3.2951648235
	8.70	2.6429250240	2.6429	2.0283	3.9016	3.3843	-0.301	-0.113	-0.231	-0.362	-0.446	-0.520	-0.624	-0.681	-0.694	0.4787	0.0000	0.3	1	-15.172	3.2951719761
	8.70	2.6434292793	2.6434	2.0251	3.8822	3.3098	-0.293	-0.062	-0.173	-0.365	-0.486	-0.593	-0.733	-0.818	-0.834	0.4787	0.0000	0.3	1	-15.172	3.2951862812
	8.70	2.6440198421	2.6440	2.0160	3.8601	3.2307	-0.270	0.021	-0.079	-0.341	-0.508	-0.654	-0.839	-0.960	-0.978	0.4787	0.0000	0.4	1	-15.172	3.2952029705
	8.70	2.6446740627	2.6447	2.0007	3.8353	3.1468	-0.232	0.145	0.056	-0.288	-0.506	-0.699	-0.938	-1.105	-1.128	0.4787	0.0000	0.4	1	-15.172	3.2952213287
	8.70	2.6451287270	2.6451	1.9857	3.8180	3.0926	-0.194	0.262	0.171	-0.235	-0.489	-0.713	-0.992	-1.194	-1.220	0.4787	0.0000	0.5	1	-15.172	3.2952339649
	8.70	2.6455864906	2.6456	1.9665	3.8011	3.0443	-0.146	0.403	0.304	-0.167	-0.456	-0.711	-1.031	-1.268	-1.297	0.4787	0.0000	0.5	1	-15.173	3.2952470779
	8.70	2.6460423470	2.6460	1.9420	3.7843	3.0019	-0.085	0.596	0.464	-0.080	-0.404	-0.688	-1.051	-1.326	-1.359	0.4787	0.0000	0.6	1	-15.173	3.2952597141
	8.70	2.6464898586	2.6465	1.9119	3.7683	2.9680	-0.010	0.819	0.640	0.024	-0.334	-0.647	-1.051	-1.363	-1.400	0.4787	0.0000	0.6	1	-15.173	3.2952723503
	8.70	2.6469242573	2.6469	1.8729	3.7539	2.9493	0.088	1.076	0.837	0.152	-0.238	-0.575	-1.018	-1.365	-1.406	0.4787	0.0000	0.6	1	-15.173	3.2952845097
	8.70	2.6473422050	2.6473	1.8276	3.7413	2.9444	0.201	1.350	1.045	0.297	-0.120	-0.479	-0.959	-1.337	-1.381	0.4787	0.0000	0.6	1	-15.173	3.2952961922
	8.70	2.6477472782	2.6477	1.7809	3.7303	2.9473	0.318	1.616	1.247	0.443	0.003	-0.375	-0.888	-1.293	-1.340	0.4787	0.0000	0.6	1	-15.173	3.2953076363
	8.70	2.6481378078	2.6481	1.7446	3.7206	2.9447	0.408	1.849	1.416	0.564	0.103	-0.292	-0.836	-1.267	-1.317	0.4787	0.0000	0.6	1	-15.173	3.2953186035
	8.70	2.6485230923	2.6485	1.7277	3.7121	2.9279	0.451	2.027	1.532	0.637	0.156	-0.253	-0.825	-1.279	-1.333	0.4787	0.0000	0.7	1	-15.174	3.2953293324
	8.70	2.6491956711	2.6492	1.7715	3.7013	2.8409	0.341	2.098	1.516	0.566	0.060	-0.368	-0.975	-1.459	-1.516	0.4787	0.0000	0.8	1	-15.174	3.2953484058
	8.70	2.6498651505	2.6499	1.8324	3.6939	2.7503	0.189	2.082	1.435	0.448	-0.077	-0.519	-1.152	-1.658	-1.719	0.4787	0.0000	0.9	1	-15.174	3.2953670025
	8.70	2.6506693363	2.6507	1.9039	3.6877	2.6542	0.010	2.022	1.317	0.298	-0.241	-0.695	-1.352	-1.876	-1.939	0.4787	0.0000	1.0	1	-15.174	3.2953896523
	8.70	2.6515951157	2.6516	1.9830	3.6818	2.5518	-0.188	1.939	1.178	0.127	-0.426	-0.891	-1.569	-2.111	-2.177	0.4787	0.0000	1.2	1	-15.174	3.2954154015
	8.70	2.6523427963	2.6523	2.0468	3.6770	2.4689	-0.347	1.877	1.068	-0.010	-0.575	-1.049	-1.745	-2.300	-2.368	0.4787	0.0000	1.4	1	-15.174	3.2954363823
	8.70	2.6532480717	2.6532	2.1247	3.6715	2.3692	-0.542	1.799	0.933	-0.174	-0.753	-1.239	-1.956	-2.528	-2.600	0.4787	0.0000	1.7	1	-15.174	3.2954616547
	8.70	2.6540875435	2.6541	2.1974	3.6670	2.2787	-0.723	1.718	0.803	-0.328	-0.920	-1.416	-2.150	-2.737	-2.812	0.4787	0.0000	2.0	1	-15.175	3.2954850197
	8.70	2.6548287868	2.6548	2.2616	3.6630	2.1982	-0.884	1.649	0.689	-0.463	-1.067	-1.572	-2.322	-2.923	-3.000	0.4787	0.0000	2.3	1	-15.174	3.2955057621
	8.70	2.6555759907	2.6556	2.3280	3.6583	2.1134	-1.050	1.587	0.577	-0.601	-1.217	-1.732	-2.502	-3.117	-3.197	0.4787	0.0000	2.7	1	-15.174	3.2955265045
	8.70	2.6562836170	2.6563	2.3943	3.6535	2.0280	-1.216	1.531	0.467	-0.737	-1.366	-1.892	-2.681	-3.311	-3.395	0.4787	0.0000	3.1	1	-15.174	3.2955462933
	8.70	2.6569914818	2.6570	2.4632	3.6485	1.9392	-1.388	1.480	0.356	-0.877	-1.520	-2.057	-2.867	-3.513	-3.600	0.4787	0.0000	3.6	1	-15.174	3.2955660820
	8.70	2.6576423645	2.6576	2.5262	3.6438	1.8575	-1.546	1.445	0.262	-0.997	-1.655	-2.206	-3.035	-3.698	-3.789	0.4787	0.0000	4.1	1	-15.173	3.2955839634
	8.70	2.6581804752	2.6582	2.5689	3.6403	1.8009	-1.652	1.429	0.202	-1.076	-1.745	-2.305	-3.150	-3.826	-3.918	0.4787	0.0000	4.6	1	-15.173	3.2955989838
	8.70	2.6586139202	2.6586	2.5230	3.6443	1.8629	-1.538	1.440	0.263	-0.993	-1.649	-2.199	-3.026	-3.687	-3.777	0.4787	0.0000	4.1	1	-15.174	3.2956111431
	8.70	2.6592721939	2.6593	2.4620	3.6490	1.9428	-1.385	1.471	0.352	-0.878	-1.519	-2.055	-2.863	-3.507	-3.594	0.4787	0.0000	3.6	1	-15.175	3.2956292629
	8.70	2.6602008343	2.6602	2.3921	3.6541	2.0333	-1.210	1.523	0.465	-0.736	-1.363	-1.887	-2.674	-3.302	-3.385	0.4787	0.0000	3.1	1	-15.176	3.2956550121
	8.70	2.6611909866	2.6612	2.3227	3.6592	2.1232	-1.037	1.582	0.580	-0.593	-1.207	-1.720	-2.486	-3.098	-3.178	0.4787	0.0000	2.6	1	-15.176	3.2956824303
	8.70	2.6621370316	2.6621	2.2525	3.6643	2.2139	-0.861	1.644	0.697	-0.449	-1.049	-1.550	-2.296	-2.892	-2.968	0.4787	0.0000	2.2	1	-15.177	3.2957086563
	8.70	2.6629624367	2.6630	2.1908	3.6685	2.2925	-0.707	1.704	0.803	-0.320	-0.909	-1.401	-2.130	-2.712	-2.786	0.4787	0.0000	2.0	1	-15.178	3.2957315445
	8.70	2.6638839245	2.6639	2.1231	3.6731	2.3789	-0.538	1.772	0.920	-0.180	-0.755	-1.237	-1.948	-2.514	-2.585	0.4787	0.0000	1.7	1	-15.178	3.2957570553
	8.70	2.6648864746	2.6649	2.0591	3.6778	2.4618	-0.378	1.833	1.030	-0.045	-0.608	-1.080	-1.773	-2.326	-2.394	0.4787	0.0000	1.5	1	-15.179	3.2957847118
	8.70	2.6662688255	2.6663	1.9897	3.6832	2.5528	-0.204	1.899	1.149	0.104	-0.446	-0.908	-1.582	-2.119	-2.184	0.4787	0.0000	1.2	1	-15.179	3.2958228588
	8.70	2.6679320335	2.6679	1.9306	3.6878	2.6309	-0.056	1.956	1.250	0.230	-0.309	-0.762	-1.418	-1.942	-2.005	0.4787	0.0000	1.1	1	-15.180	3.2958686352
	8.70	2.6709024906	2.6709	1.8672	3.6932	2.7162	0.102	2.011	1.355	0.364	-0.162	-0.606	-1.242	-1.750	-1.810	0.4787	0.0000	0.9	1	-15.181	3.2959501743
	8.70	2.6770033836	2.6770	1.8189	3.6996	2.7910	0.223	2.013	1.414	0.454	-0.056	-0.487	-1.100	-1.589	-1.646	0.4787	0.0000	0.8	1	-15.183	3.2961173058
	8.70	2.7420029640	2.7420	1.9045	3.7001	2.7179	0.009	1.798	1.197	0.237	-0.272	-0.702	-1.313	-1.799	-1.857	0.4787	0.0000	0.9	1	-15.206	3.2978358269
	8.70	2.7810120583	2.7810	1.9573	3.7003	2.6721	-0.123	1.667	1.064	0.103	-0.405	-0.834	-1.445	-1.930	-1.987	0.4787	0.0000	1.0	1	-15.219	3.2988171577
	8.70	2.8380782604	2.8381	2.0328	3.6973	2.5936	-0.312	1.537	0.905	-0.072	-0.588	-1.022	-1.644	-2.137	-2.196	0.4787	0.0000	1.2	1	-15.238	3.3001902103
	8.70	2.8923046589	2.8923	2.1134	3.6915	2.4978	-0.513	1.450	0.762	-0.246	-0.776	-1.222	-1.865	-2.375	-2.437	0.4787	0.0000	1.4	1	-15.255	3.3014297485
	8.70	2.9110391140	2.9110	2.1792	3.6824	2.3986	-0.678	1.461	0.687	-0.368	-0.920	-1.383	-2.059	-2.596	-2.663	0.4787	0.0000	1.7	1	-13.529	3.3018441200
	8.70	2.9130578041	2.9131	2.2506	3.6754	2.2996	-0.856	1.426	0.581	-0.514	-1.083	-1.559	-2.261	-2.818	-2.888	0.4787	0.0000	2.0	1	-13.528	3.3018884659
	8.70	2.9133923054	2.9134	2.2935	3.6716	2.2414	-0.964	1.400	0.516	-0.598	-1.178	-1.662	-2.379	-2.949	-3.021	0.4787	0.0000	2.2	1	-13.528	3.3018958569
	8.70	2.9134464264	2.9134	2.3081	3.6704	2.2218	-1.000	1.390	0.494	-0.627	-1.210	-1.697	-2.419	-2.993	-3.066	0.4787	0.0000	2.3	1	-13.528	3.3018970490
	8.70	2.9135758877	2.9136	2.3706	3.6655	2.1399	-1.157	1.340	0.392	-0.753	-1.350	-1.848	-2.589	-3.179	-3.255	0.4787	0.0000	2.6	1	-13.528	3.3018999100
	8.70	2.9136879444	2.9137	2.4240	3.6614	2.0699	-1.290	1.299	0.307	-0.861	-1.469	-1.977	-2.734	-3.337	-3.416	0.4787	0.0000	2.9	1	-13.528	3.3019022942
	8.70	2.9138605595	2.9139	2.4670	3.6580	2.0133	-1.398	1.268	0.238	-0.948	-1.565	-2.080	-2.851	-3.465	-3.546	0.4787	0.0000	3.2	1	-13.528	3.3019061089
	8.70	2.9148290157	2.9148	2.4690	3.6576	2.0100	-1.403	1.270	0.237	-0.951	-1.569	-2.085	-2.857	-3.473	-3.554	0.4787	0.0000	3.3	1	-13.528	3.3019273281
	8.70	2.9182116985	2.9182	2.5513	3.6507	1.9004	-1.608	1.226	0.112	-1.114	-1.750	-2.282	-3.083	-3.720	-3.806	0.4787	0.0000	3.9	1	-13.528	3.3020009995
	8.70	2.9193651676	2.9194	2.6401	3.6438	1.7842	-1.830	1.183	-0.018	-1.282	-1.940	-2.491	-3.321	-3.983	-4.073	0.4787	0.0000	4.8	1	-13.527	3.3020262718
	8.70	2.9201347828	2.9201	2.7086	3.6391	1.6971	-2.001	1.138	-0.125	-1.417	-2.089	-2.653	-3.503	-4.181	-4.275	0.4787	0.0000	5.6	1	-13.527	3.3020429611
	8.70	2.9208958149	2.9209	2.7889	3.6328	1.5918	-2.202	1.107	-0.240	-1.568	-2.260	-2.841	-3.718	-4.418	-4.517	0.4787	0.0000	6.7	1	-13.527	3.3020594120
	8.70	2.9216136932	2.9216	2.8798	3.6254	1.4715	-2.430	1.083	-0.366	-1.737	-2.452	-3.054	-3.963	-4.688	-4.793	0.4787	0.0000	8.3	1	-13.527	3.3020751476
	8.70	2.9221513271	2.9222	2.9599	3.6191	1.3661	-2.630	1.082	-0.460	-1.871	-2.611	-3.238	-4.177	-4.923	-5.034	0.4787	0.0000	9.9	1	-13.527	3.3020868301
	8.70	2.9226224422	2.9226	3.0382	3.6130	1.2635	-2.825	1.083	-0.553	-2.002	-2.767	-3.418	-4.385	-5.152	-5.270	0.4787	0.0000	11.8	1	-13.527	3.3020970821
	8.70	2.9230601788	2.9231	3.1137	3.6068	1.1632	-3.014	1.096	-0.637	-2.125	-2.915	-3.590	-4.587	-5.375	-5.499	0.4787	0.0000	14.1	1	-13.527	3.3021063805
	8.70	2.9232945442	2.9233	3.1594	3.6030	1.1023	-3.129	1.106	-0.687	-2.200	-3.005	-3.695	-4.709	-5.510	-5.638	0.4787	0.0000	15.6	1	-13.527	3.3021116257
	8.70	2.9235069752	2.9235	3.2183	3.5978	1.0228	-3.276	1.115	-0.739	-2.281	-3.109	-3.825	-4.866	-5.685	-5.818	0.4787	0.0000	17.9	1	-13.527	3.3021161556
	8.70	2.9236969948	2.9237	3.2777	3.5925	0.9422	-3.424	1.108	-0.779	-2.347	-3.201	-3.951	-5.027	-5.862	-6.000	0.4787	0.0000	20.6	1	-13.527	3.3021202087
	8.70	2.9238665104	2.9239	3.3537	3.5857	0.8393	-3.614	1.098	-0.831	-2.432	-3.320	-4.113	-5.231	-6.087	-6.233	0.4787	0.0000	24.6	1	-13.527	3.3021240234
	8.70	2.9239981174	2.9240	3.4168	3.5798	0.7522	-3.772	1.095	-0.867	-2.497	-3.415	-4.246	-5.401	-6.277	-6.429	0.4787	0.0000	28.6	1	-13.527	3.3021268845
	8.70	2.9241356850	2.9241	3.4813	3.5737	0.6636	-3.933	1.074	-0.888	-2.541	-3.496	-4.374	-5.576	-6.472	-6.630	0.4787	0.0000	33.3	1	-13.527	3.3021297455
	8.70	2.9243447781	2.9243	3.5572	3.5664	0.5582	-4.123	0.977	-0.822	-2.471	-3.500	-4.484	-5.794	-6.707	-6.870	0.4787	0.0000	40.0	1	-13.527	3.3021342754
	8.70	2.9244461060	2.9244	3.6051	3.5615	0.4910	-4.243	0.904	-0.778	-2.420	-3.498	-4.551	-5.931	-6.857	-7.024	0.4787	0.0000	44.9	1	-13.403	3.3021364212
	8.70	2.9244651794	2.9245	3.6194	3.5601	0.4711	-4.278	0.880	-0.766	-2.406	-3.497	-4.572	-5.972	-6.901	-7.069	0.4787	0.0000	46.4	1	-13.257	3.3021368980
	8.70	2.9244809151	2.9245	3.6383	3.5581	0.4443	-4.326	0.847	-0.748	-2.383	-3.495	-4.598	-6.027	-6.961	-7.130	0.4787	0.0000	48.6	1	-13.060	3.3021373749
	8.70	2.9245109558	2.9245	3.6807	3.5536	0.3839	-4.432	0.767	-0.705	-2.330	-3.486	-4.656	-6.149	-7.096	-7.267	0.4787	0.0000	54.0	1	-12.616	3.3021378517
	8.70	2.9245171547	2.9245	3.6898	3.5527	0.3711	-4.454	0.749	-0.696	-2.319	-3.484	-4.668	-6.175	-7.125	-7.296	0.4787	0.0000	55.2	1	-12.521	3.3021380901
	8.70	2.9245185852	2.9245	3.6900	3.5550	0.3802	-4.455	0.740	-0.773	-2.403	-3.545	-4.694	-6.168	-7.110	-7.281	0.4291	0.0000	54.3	1	-12.589	3.3021380901
	8.70	2.9250259399	2.9250	3.8501	3.5430	0.1720	-4.855	0.567	-0.670	-2.267	-3.555	-4.903	-6.606	-7.576	-7.759	0.3560	0.6077	77.9	1	-11.058	3.3021490574
	8.70	2.9256453514	2.9256	3.9611	3.5315	0.0153	-5.133	0.621	-0.395	-1.960	-3.405	-4.956	-6.917	-7.909	-8.107	0.3560	0.6286	102.1	1	-9.906	3.3021624088
	8.70	2.9263589382	2.9260	4.0382	3.5221	-0.0996	-5.326	0.724	-0.108	-1.654	-3.232	-4.945	-7.136	-8.144	-8.353	0.4819	0.6548	124.5	1	-9.061	3.3021779060
	8.70	2.9271116257	2.9262	4.1005	3.5134	-0.1965	-5.481	0.894	0.225	-1.319	-3.025	-4.877	-7.313	-8.332	-8.549	0.6819	0.6841	147.2	1	-8.348	3.3021941185
	8.70	2.9275264740	2.9263	4.1302	3.5076	-0.2493	-5.555	1.036	0.476	-1.066	-2.858	-4.802	-7.400	-8.428	-8.650	0.8346	0.6988	161.2	1	-7.960	3.3022031784
	8.70	2.9276287556	2.9263	4.1375	3.5062	-0.2623	-5.574	1.071	0.537	-1.004	-2.817	-4.783	-7.422	-8.452	-8.675	0.8729	0.7024	164.8	1	-7.865	3.3022053242
	8.70	2.9277193546	2.9251	4.1391	3.5015	-0.2829	-5.578	1.243	0.798	-0.743	-2.624	-4.666	-7.437	-8.473	-8.701	0.9436	0.7034	170.8	1	-7.713	3.3022074699
	8.70	2.9279856682	2.9215	4.1439	3.4888	-0.3393	-5.590	-0.407	-1.375	-3.158	-4.290	-5.371	-7.018	-8.110	-8.473	1.1520	0.7064	150.2	0	-7.819	3.3022131920
	8.70	2.9284086227	2.9165	4.1503	3.4793	-0.3842	-5.606	-0.123	-1.153	-3.031	-4.213	-5.337	-7.028	-8.148	-8.529	1.5402	0.7105	151.8	0	-7.671	3.3022222519
	8.70	2.9288773537	2.9073	4.1571	3.4732	-0.4167	-5.623	0.052	-1.019	-2.960	-4.173	-5.325	-7.044	-8.178	-8.570	1.9353	0.7150	162.1	0	-7.566	3.3022322655
	8.70	2.9292364120	2.8968	4.1623	3.4693	-0.4393	-5.636	0.163	-0.938	-2.923	-4.156	-5.324	-7.059	-8.197	-8.594	2.2408	0.7185	170.8	0	-7.495	3.3022401333
	8.70	2.9295687675	2.8823	4.1670	3.4658	-0.4601	-5.648	0.260	-0.868	-2.892	-4.141	-5.324	-7.072	-8.214	-8.615	2.5261	0.7219	179.9	0	-7.434	3.3022472858
	8.70	2.9298162460	2.8523	4.1699	3.4628	-0.4795	-5.655	0.346	-0.805	-2.862	-4.126	-5.321	-7.081	-8.226	-8.630	2.7339	0.7246	189.6	0	-7.386	3.3022525311
	8.70	2.9300484657	2.7864	4.1708	3.4590	-0.5056	-5.657	0.461	-0.719	-2.817	-4.099	-5.310	-7.085	-8.234	-8.643	2.9163	0.7272	203.4	0	-7.336	3.3022575378
	8.70	2.9302659035	2.5993	4.1659	3.4521	-0.5588	-5.645	0.691	-0.541	-2.717	-4.033	-5.274	-7.077	-8.232	-8.650	3.0985	0.7301	233.8	0	-7.261	3.3022623062
	8.70	2.9304199219	2.3058	4.1567	3.4413	-0.6446	-5.622	1.037	-0.281	-2.568	-3.935	-5.219	-7.062	-8.213	-8.642	3.2204	0.7329	309.8	0	-7.166	3.3022656441
	8.70	2.9304697514	2.1398	4.1520	3.4463	-0.6526	-5.610	0.901	-0.377	-2.614	-3.958	-5.222	-7.046	-8.201	-8.625	3.2587	0.7341	369.8	0	-6.380	3.3022668362
	8.70	2.9305183887	1.8507	4.1452	3.4514	-0.6881	-5.593	0.762	-0.475	-2.658	-3.977	-5.220	-7.025	-8.181	-8.600	3.2840	0.7355	511.2	0	-4.966	3.3022677898
	8.70	2.9305577278	1.5163	4.1382	3.4519	-0.7656	-5.575	0.764	-0.469	-2.647	-3.963	-5.204	-7.007	-8.163	-8.581	3.2952	0.7367	755.2	0	-4.638	3.3022687435
	8.70	2.9305663109	1.3915	4.1368	3.4761	-0.7051	-5.572	0.014	-1.037	-2.947	-4.147	-5.286	-6.993	-8.122	-8.509	3.2958	0.7372	753.4	0	-4.732	3.3022687435
	8.70	2.9306128025	1.0136	4.1374	3.7155	0.1146	-5.573	-3.570	-4.441	-5.430	-5.920	-6.318	-6.868	-7.253	-7.315	3.2959	0.7403	213.8	1	-13.250	3.3022699356
	8.70	2.9306504726	0.7428	4.1388	3.9229	0.8079	-5.577	-5.607	-5.566	-5.597	-5.645	-5.696	-5.738	-5.773	-5.774	3.2959	0.7430	173.5	1	-99.999	3.3022706509
