# File generated by CMD 2.2 (http://stev.oapd.inaf.it/cmd) on Mon Sep 14 22:16:12 CEST 2009
# Basic reference: Marigo et al. (2008, A&A 482, 883) 
# Photometric system: <i>UBVRIJHK</i> (cf. Maiz-Apellaniz 2006 + Bessell 1990)
# BCs of Carbon stars derive from Loidl et al. (2001)
# O-rich circumstellar dust ignored
# C-rich circumstellar dust ignored
# IMF: Chabrier (2001) lognormal 
# Kind of output: isochrone tables
#	Isochrone	Z = 0.01600		Age = 	3.000e+08 yr
# log(age/yr)	M_ini   	M_act	logL/Lo	logTe	logG	mbol    U       B       V       R       I       J       H       K	C/O	M_hec	period	pmode	logMdot	int_IMF
	8.48	0.1500000060	0.1500	-2.4992	3.5227	5.1500	11.018	15.967	14.464	12.882	11.769	10.439	9.208	8.657	8.407	0.4787	0.0000	0.0	1	-17.817	1.9609395266
	8.48	0.2000000030	0.2000	-2.2245	3.5442	5.0864	10.331	14.808	13.422	11.917	10.882	9.707	8.575	8.009	7.771	0.4787	0.0000	0.0	1	-17.692	2.2217822075
	8.48	0.2500000000	0.2500	-2.0369	3.5557	5.0418	9.862	14.074	12.767	11.314	10.315	9.216	8.129	7.555	7.331	0.4787	0.0000	0.0	1	-17.573	2.4080901146
	8.48	0.3000000119	0.3000	-1.8880	3.5649	5.0086	9.490	13.475	12.246	10.844	9.869	8.826	7.770	7.191	6.985	0.4787	0.0000	0.0	1	-16.636	2.5475041866
	8.48	0.3499999940	0.3500	-1.7600	3.5733	4.9813	9.170	12.956	11.796	10.440	9.486	8.489	7.461	6.878	6.689	0.4787	0.0000	0.0	1	-15.843	2.6555202007
	8.48	0.4000000060	0.4000	-1.6190	3.5810	4.9289	8.817	12.464	11.344	10.018	9.084	8.134	7.126	6.530	6.355	0.4787	0.0000	0.0	1	-15.157	2.7413372993
	8.48	0.4499999881	0.4500	-1.4958	3.5900	4.8929	8.510	11.991	10.903	9.605	8.701	7.825	6.851	6.230	6.073	0.4787	0.0000	0.0	1	-14.551	2.8109800816
	8.48	0.5000000000	0.5000	-1.3745	3.6003	4.8588	8.206	11.495	10.437	9.170	8.303	7.522	6.590	5.934	5.800	0.4787	0.0000	0.0	1	-14.009	2.8684780598
	8.48	0.5500000119	0.5500	-1.2434	3.6118	4.8149	7.878	11.040	9.990	8.750	7.919	7.200	6.299	5.627	5.505	0.4787	0.0000	0.0	1	-13.519	2.9166350365
	8.48	0.6000000238	0.6000	-1.1176	3.6244	4.7774	7.564	10.579	9.542	8.332	7.541	6.892	6.026	5.338	5.230	0.4787	0.0000	0.0	1	-13.072	2.9573988914
	8.48	0.6999999881	0.7000	-0.8532	3.6538	4.6976	6.903	9.448	8.541	7.446	6.759	6.218	5.446	4.803	4.720	0.4787	0.0000	0.0	1	-12.279	3.0225379467
	8.48	0.8801328540	0.8801	-0.3901	3.7188	4.5938	5.745	7.190	6.769	5.925	5.445	5.047	4.498	4.050	4.001	0.4787	0.0000	0.0	1	-11.613	3.1033451557
	8.48	1.1337852478	1.1337	0.1533	3.7866	4.4315	4.387	4.991	4.976	4.415	4.082	3.792	3.435	3.148	3.122	0.4787	0.0000	0.0	1	-13.940	3.1728384495
	8.48	1.1403986216	1.1403	0.1657	3.7881	4.4277	4.356	4.947	4.937	4.382	4.052	3.764	3.411	3.127	3.102	0.4787	0.0000	0.0	1	-13.973	3.1742122173
	8.48	1.1594402790	1.1594	0.2033	3.7928	4.4159	4.262	4.813	4.818	4.283	3.961	3.681	3.340	3.066	3.041	0.4787	0.0000	0.0	1	-14.060	3.1780731678
	8.48	1.2550674677	1.2550	0.3802	3.8146	4.3608	3.819	4.227	4.273	3.820	3.540	3.295	3.007	2.778	2.759	0.4787	0.0000	0.0	1	-14.349	3.1955585480
	8.48	1.3081430197	1.3080	0.4719	3.8258	4.3320	3.590	3.936	3.994	3.582	3.324	3.096	2.836	2.629	2.612	0.4787	0.0000	0.0	1	-14.443	3.2040605545
	8.48	1.3198671341	1.3197	0.4914	3.8282	4.3257	3.541	3.880	3.936	3.532	3.278	3.055	2.799	2.597	2.580	0.4787	0.0000	0.0	1	-14.460	3.2058343887
	8.48	1.3692173958	1.3691	0.5667	3.8387	4.3083	3.353	3.656	3.709	3.337	3.104	2.898	2.667	2.485	2.470	0.4787	0.0000	0.0	1	-14.521	3.2129235268
	8.48	1.4198671579	1.4197	0.6413	3.8490	4.2908	3.167	3.436	3.484	3.145	2.931	2.743	2.535	2.373	2.360	0.4787	0.0000	0.0	1	-14.572	3.2196204662
	8.48	1.6000000238	1.5997	0.8766	3.8893	4.2686	2.579	2.778	2.776	2.546	2.412	2.298	2.173	2.084	2.075	0.4787	0.0000	0.0	1	-14.703	3.2395837307
	8.48	1.7801328897	1.7797	1.0789	3.9254	4.2569	2.073	2.236	2.195	2.064	2.000	1.947	1.888	1.850	1.844	0.4787	0.0000	0.0	1	-14.803	3.2549221516
	8.48	1.8044868708	1.8041	1.1039	3.9295	4.2543	2.010	2.169	2.131	2.010	1.952	1.905	1.852	1.818	1.812	0.4787	0.0000	0.0	1	-14.816	3.2567183971
	8.48	1.9201992750	1.9202	1.2192	3.9471	4.2364	1.722	1.864	1.836	1.760	1.729	1.705	1.679	1.662	1.658	0.4787	0.0000	0.1	1	-14.874	3.2645187378
	8.48	1.9801328182	1.9801	1.2764	3.9546	4.2227	1.579	1.715	1.698	1.640	1.617	1.601	1.586	1.575	1.572	0.4787	0.0000	0.1	1	-14.902	3.2681353092
	8.48	2.0777106285	2.0777	1.3660	3.9665	4.2014	1.355	1.485	1.492	1.458	1.447	1.442	1.442	1.439	1.439	0.4787	0.0000	0.1	1	-14.947	3.2734866142
	8.48	2.2000000477	2.2000	1.4748	3.9795	4.1695	1.083	1.208	1.245	1.236	1.237	1.243	1.259	1.264	1.267	0.4787	0.0000	0.1	1	-15.001	3.2793695927
	8.48	2.3037023544	2.3037	1.5631	3.9896	4.1419	0.862	0.987	1.052	1.060	1.068	1.081	1.109	1.118	1.124	0.4787	0.0000	0.1	1	-15.044	3.2837557793
	8.48	2.4676055908	2.4676	1.6992	4.0028	4.0883	0.522	0.647	0.750	0.780	0.795	0.817	0.861	0.876	0.885	0.4787	0.0000	0.1	1	-15.108	3.2897655964
	8.48	2.5000000000	2.5000	1.7257	4.0048	4.0756	0.456	0.581	0.691	0.724	0.739	0.763	0.809	0.824	0.834	0.4787	0.0000	0.1	1	-15.120	3.2908382416
	8.48	2.6113014221	2.6113	1.8139	4.0111	4.0314	0.235	0.361	0.491	0.534	0.552	0.579	0.632	0.649	0.662	0.4787	0.0000	0.1	1	-15.161	3.2942659855
	8.48	2.7293927670	2.7294	1.9065	4.0152	3.9744	0.004	0.127	0.273	0.322	0.342	0.371	0.429	0.448	0.462	0.4787	0.0000	0.1	1	-15.202	3.2975106239
	8.48	2.8288691044	2.8289	1.9838	4.0160	3.9158	-0.190	-0.072	0.081	0.133	0.153	0.182	0.241	0.260	0.274	0.4787	0.0000	0.1	1	-15.235	3.2999734879
	8.48	2.9135332108	2.9135	2.0492	4.0141	3.8554	-0.353	-0.242	-0.093	-0.040	-0.020	0.008	0.064	0.082	0.096	0.4787	0.0000	0.1	1	-13.528	3.3018989563
	8.48	2.9861187935	2.9861	2.1048	4.0099	3.7940	-0.492	-0.389	-0.250	-0.198	-0.181	-0.155	-0.103	-0.087	-0.073	0.4787	0.0000	0.2	1	-13.518	3.3034374714
	8.48	3.0000000000	3.0000	2.1154	4.0088	3.7808	-0.519	-0.417	-0.281	-0.230	-0.213	-0.188	-0.137	-0.121	-0.108	0.4787	0.0000	0.2	1	-13.516	3.3037204742
	8.48	3.0540792942	3.0541	2.1563	4.0039	3.7280	-0.621	-0.527	-0.404	-0.356	-0.341	-0.318	-0.273	-0.259	-0.247	0.4787	0.0000	0.2	1	-13.508	3.3047921658
	8.48	3.1087598801	3.1088	2.1983	3.9963	3.6637	-0.726	-0.640	-0.538	-0.496	-0.483	-0.465	-0.429	-0.418	-0.408	0.4787	0.0000	0.2	1	-13.500	3.3058266640
	8.48	3.1560678482	3.1561	2.2353	3.9874	3.5975	-0.818	-0.738	-0.662	-0.628	-0.620	-0.607	-0.582	-0.575	-0.567	0.4787	0.0000	0.2	1	-13.494	3.3066842556
	8.48	3.1770961285	3.1771	2.2527	3.9833	3.5663	-0.862	-0.784	-0.720	-0.689	-0.684	-0.673	-0.653	-0.648	-0.641	0.4787	0.0000	0.2	1	-13.491	3.3070545197
	8.48	3.1965854168	3.1966	2.2706	3.9802	3.5388	-0.907	-0.831	-0.776	-0.748	-0.743	-0.735	-0.719	-0.715	-0.709	0.4787	0.0000	0.2	1	-13.488	3.3073921204
	8.48	3.2094039917	3.2094	2.2848	3.9797	3.5244	-0.942	-0.868	-0.814	-0.785	-0.781	-0.773	-0.757	-0.754	-0.747	0.4787	0.0000	0.2	1	-13.486	3.3076109886
	8.48	3.2190001011	3.2190	2.3000	3.9830	3.5238	-0.980	-0.906	-0.841	-0.808	-0.803	-0.792	-0.773	-0.767	-0.761	0.4787	0.0000	0.2	1	-13.485	3.3077733517
	8.48	3.2263932228	3.2264	2.3190	3.9913	3.5389	-1.027	-0.952	-0.861	-0.819	-0.809	-0.794	-0.764	-0.755	-0.746	0.4787	0.0000	0.2	1	-13.484	3.3078975677
	8.48	3.2313575745	3.2314	2.3508	4.0094	3.5802	-1.107	-1.023	-0.874	-0.815	-0.798	-0.773	-0.721	-0.706	-0.691	0.4787	0.0000	0.2	1	-13.483	3.3079805374
	8.48	3.2327704430	3.2328	2.3801	4.0254	3.6151	-1.180	-1.085	-0.884	-0.812	-0.789	-0.757	-0.686	-0.665	-0.646	0.4787	0.0000	0.2	1	-13.483	3.3080041409
	8.48	3.2335412502	3.2335	2.4148	4.0419	3.6465	-1.267	-1.152	-0.899	-0.816	-0.789	-0.750	-0.662	-0.635	-0.612	0.4787	0.0000	0.2	1	-13.483	3.3080170155
	8.48	3.2336521149	3.2337	2.4009	4.0391	3.6494	-1.232	-1.120	-0.876	-0.795	-0.769	-0.731	-0.645	-0.620	-0.597	0.4787	0.0000	0.2	1	-13.483	3.3080186844
	8.48	3.2338004112	3.2338	2.3679	4.0282	3.6385	-1.150	-1.049	-0.841	-0.768	-0.744	-0.710	-0.637	-0.615	-0.595	0.4787	0.0000	0.2	1	-13.483	3.3080213070
	8.48	3.2340018749	3.2340	2.3572	4.0138	3.5918	-1.123	-1.036	-0.873	-0.810	-0.791	-0.764	-0.707	-0.690	-0.674	0.4787	0.0000	0.2	1	-13.483	3.3080246449
	8.48	3.2342863083	3.2343	2.3694	3.9976	3.5148	-1.154	-1.081	-0.968	-0.917	-0.904	-0.885	-0.848	-0.836	-0.825	0.4787	0.0000	0.2	1	-13.483	3.3080294132
	8.48	3.2346863747	3.2347	2.3854	3.9794	3.4259	-1.194	-1.128	-1.070	-1.038	-1.034	-1.026	-1.010	-1.007	-1.000	0.4787	0.0000	0.3	1	-13.483	3.3080360889
	8.48	3.2352166176	3.2352	2.3930	3.9584	3.3344	-1.213	-1.141	-1.145	-1.140	-1.150	-1.157	-1.170	-1.177	-1.176	0.4787	0.0000	0.3	1	-13.483	3.3080449104
	8.48	3.2353706360	3.2354	2.3939	3.9526	3.3103	-1.215	-1.140	-1.162	-1.164	-1.178	-1.190	-1.211	-1.221	-1.222	0.4787	0.0000	0.4	1	-13.483	3.3080472946
	8.48	3.2359316349	3.2359	2.3909	3.9321	3.2316	-1.207	-1.101	-1.177	-1.217	-1.252	-1.284	-1.335	-1.361	-1.367	0.4787	0.0000	0.4	1	-13.483	3.3080565929
	8.48	3.2365510464	3.2366	2.3828	3.9090	3.1474	-1.187	-1.029	-1.150	-1.243	-1.308	-1.370	-1.460	-1.508	-1.519	0.4787	0.0000	0.5	1	-13.483	3.3080670834
	8.48	3.2369868755	3.2370	2.3741	3.8916	3.0863	-1.165	-0.961	-1.098	-1.241	-1.336	-1.423	-1.546	-1.614	-1.629	0.4787	0.0000	0.5	1	-13.483	3.3080742359
	8.48	3.2374322414	3.2374	2.3623	3.8721	3.0201	-1.136	-0.875	-1.013	-1.221	-1.354	-1.474	-1.634	-1.730	-1.748	0.4787	0.0000	0.6	1	-13.482	3.3080816269
	8.48	3.2378773689	3.2379	2.3470	3.8501	2.9478	-1.097	-0.769	-0.892	-1.175	-1.357	-1.517	-1.722	-1.856	-1.877	0.4787	0.0000	0.7	1	-13.482	3.3080890179
	8.48	3.2383224964	3.2383	2.3269	3.8255	2.8695	-1.047	-0.619	-0.735	-1.105	-1.339	-1.546	-1.806	-1.988	-2.013	0.4787	0.0000	0.8	1	-13.482	3.3080964088
	8.48	3.2387607098	3.2388	2.3007	3.7990	2.7896	-0.982	-0.401	-0.532	-1.007	-1.297	-1.553	-1.877	-2.115	-2.146	0.4787	0.0000	0.9	1	-13.482	3.3081035614
	8.48	3.2389762402	3.2390	2.2850	3.7857	2.7520	-0.943	-0.255	-0.412	-0.946	-1.265	-1.545	-1.903	-2.171	-2.205	0.4787	0.0000	0.9	1	-13.482	3.3081071377
	8.48	3.2391855717	3.2392	2.2670	3.7732	2.7202	-0.897	-0.103	-0.289	-0.880	-1.226	-1.527	-1.918	-2.214	-2.251	0.4787	0.0000	1.0	1	-13.482	3.3081107140
	8.48	3.2396004200	3.2396	2.2221	3.7508	2.6758	-0.785	0.257	-0.019	-0.720	-1.114	-1.456	-1.907	-2.257	-2.299	0.4787	0.0000	1.1	1	-13.482	3.3081176281
	8.48	3.2400021553	3.2400	2.1675	3.7326	2.6576	-0.649	0.642	0.262	-0.533	-0.968	-1.341	-1.846	-2.243	-2.290	0.4787	0.0000	1.1	1	-13.482	3.3081243038
	8.48	3.2403905392	3.2404	2.1130	3.7179	2.6531	-0.512	0.998	0.522	-0.350	-0.818	-1.216	-1.769	-2.204	-2.256	0.4787	0.0000	1.1	1	-13.482	3.3081307411
	8.48	3.2407722473	3.2408	2.0854	3.7056	2.6315	-0.444	1.266	0.699	-0.237	-0.733	-1.153	-1.746	-2.216	-2.271	0.4787	0.0000	1.1	1	-13.482	3.3081369400
	8.48	3.2413973808	3.2414	2.1494	3.6899	2.5049	-0.604	1.387	0.687	-0.329	-0.862	-1.311	-1.960	-2.475	-2.538	0.4787	0.0000	1.4	1	-13.482	3.3081471920
	8.48	3.2419393063	3.2419	2.2275	3.6813	2.3924	-0.799	1.363	0.578	-0.483	-1.038	-1.503	-2.184	-2.724	-2.791	0.4787	0.0000	1.7	1	-13.482	3.3081562519
	8.48	3.2425231934	3.2425	2.2947	3.6750	2.3004	-0.967	1.322	0.474	-0.622	-1.192	-1.669	-2.372	-2.931	-3.001	0.4787	0.0000	2.0	1	-13.482	3.3081657887
	8.48	3.2432391644	3.2432	2.3668	3.6689	2.2038	-1.147	1.274	0.363	-0.764	-1.352	-1.842	-2.570	-3.149	-3.223	0.4787	0.0000	2.4	1	-13.482	3.3081777096
	8.48	3.2439861298	3.2440	2.4403	3.6631	2.1072	-1.331	1.218	0.246	-0.912	-1.516	-2.019	-2.770	-3.368	-3.445	0.4787	0.0000	2.8	1	-13.482	3.3081901073
	8.48	3.2446427345	3.2446	2.5044	3.6582	2.0235	-1.491	1.167	0.142	-1.043	-1.659	-2.174	-2.944	-3.558	-3.638	0.4787	0.0000	3.3	1	-13.482	3.3082008362
	8.48	3.2453448772	3.2453	2.5717	3.6534	1.9372	-1.659	1.113	0.030	-1.182	-1.811	-2.336	-3.126	-3.755	-3.839	0.4787	0.0000	3.8	1	-13.481	3.3082125187
	8.48	3.2460105419	3.2460	2.6380	3.6484	1.8508	-1.825	1.071	-0.074	-1.314	-1.957	-2.494	-3.305	-3.950	-4.038	0.4787	0.0000	4.4	1	-13.481	3.3082234859
	8.48	3.2466790676	3.2467	2.7066	3.6430	1.7606	-1.997	1.040	-0.172	-1.443	-2.103	-2.655	-3.489	-4.154	-4.245	0.4787	0.0000	5.1	1	-13.481	3.3082344532
	8.48	3.2473177910	3.2473	2.7641	3.6391	1.6878	-2.140	1.002	-0.263	-1.556	-2.228	-2.792	-3.642	-4.320	-4.414	0.4787	0.0000	5.8	1	-13.481	3.3082449436
	8.48	3.2478284836	3.2478	2.8020	3.6363	1.6387	-2.235	0.984	-0.319	-1.628	-2.309	-2.881	-3.743	-4.431	-4.527	0.4787	0.0000	6.3	1	-13.481	3.3082532883
	8.48	3.2500774860	3.2501	2.7398	3.6411	1.7203	-2.080	1.010	-0.229	-1.511	-2.177	-2.735	-3.577	-4.248	-4.340	0.4787	0.0000	5.5	1	-13.481	3.3082902431
	8.48	3.2528135777	3.2528	2.6561	3.6475	1.8304	-1.870	1.049	-0.107	-1.353	-1.998	-2.538	-3.352	-4.000	-4.088	0.4787	0.0000	4.6	1	-13.480	3.3083350658
	8.48	3.2549951077	3.2550	2.5668	3.6546	1.9480	-1.647	1.099	0.029	-1.177	-1.803	-2.325	-3.111	-3.735	-3.818	0.4787	0.0000	3.7	1	-13.480	3.3083708286
	8.48	3.2568898201	3.2569	2.4832	3.6611	2.0581	-1.438	1.158	0.162	-1.008	-1.616	-2.124	-2.883	-3.487	-3.566	0.4787	0.0000	3.1	1	-13.480	3.3084018230
	8.48	3.2586243153	3.2586	2.4125	3.6667	2.1515	-1.261	1.210	0.274	-0.866	-1.459	-1.954	-2.690	-3.276	-3.351	0.4787	0.0000	2.6	1	-13.480	3.3084301949
	8.48	3.2605011463	3.2605	2.3465	3.6720	2.2390	-1.096	1.260	0.379	-0.733	-1.312	-1.795	-2.510	-3.079	-3.151	0.4787	0.0000	2.3	1	-13.479	3.3084607124
	8.48	3.2626168728	3.2626	2.2884	3.6770	2.3171	-0.951	1.301	0.471	-0.615	-1.181	-1.654	-2.350	-2.903	-2.972	0.4787	0.0000	2.0	1	-13.479	3.3084950447
	8.48	3.2651031017	3.2651	2.2424	3.6813	2.3805	-0.836	1.328	0.542	-0.521	-1.075	-1.541	-2.221	-2.762	-2.828	0.4787	0.0000	1.8	1	-13.479	3.3085353374
	8.48	3.2689747810	3.2690	2.1977	3.6863	2.4459	-0.724	1.339	0.603	-0.432	-0.975	-1.431	-2.092	-2.618	-2.683	0.4787	0.0000	1.6	1	-13.478	3.3085980415
	8.48	3.2775037289	3.2775	2.1603	3.6946	2.5176	-0.631	1.275	0.614	-0.379	-0.901	-1.341	-1.972	-2.473	-2.533	0.4787	0.0000	1.4	1	-13.477	3.3087353706
	8.48	3.3090529442	3.3091	2.2158	3.7000	2.4881	-0.770	1.044	0.424	-0.544	-1.053	-1.482	-2.093	-2.577	-2.634	0.4787	0.0000	1.5	1	-13.473	3.3092350960
	8.48	3.3520839214	3.3521	2.2728	3.7014	2.4421	-0.912	0.886	0.271	-0.692	-1.198	-1.625	-2.231	-2.710	-2.768	0.4787	0.0000	1.6	1	-13.467	3.3098962307
	8.48	3.3870489597	3.3870	2.3215	3.7026	2.4028	-1.034	0.750	0.139	-0.819	-1.322	-1.746	-2.349	-2.824	-2.881	0.4787	0.0000	1.7	1	-13.463	3.3104169369
	8.48	3.4726297855	3.4726	2.4031	3.6897	2.2803	-1.238	0.791	0.062	-0.965	-1.499	-1.948	-2.597	-3.109	-3.172	0.4787	0.0000	2.1	1	-13.452	3.3116312027
	8.48	3.4917941093	3.4918	2.4710	3.6734	2.1498	-1.407	0.939	0.058	-1.055	-1.629	-2.109	-2.819	-3.381	-3.452	0.4787	0.0000	2.7	1	-13.450	3.3118922710
	8.48	3.4932348728	3.4932	2.5285	3.6671	2.0669	-1.551	0.931	-0.015	-1.159	-1.751	-2.245	-2.980	-3.563	-3.639	0.4787	0.0000	3.1	1	-13.449	3.3119115829
	8.48	3.4933848381	3.4934	2.5421	3.6657	2.0480	-1.585	0.926	-0.033	-1.184	-1.780	-2.278	-3.018	-3.605	-3.682	0.4787	0.0000	3.2	1	-13.449	3.3119137287
	8.48	3.4935517311	3.4936	2.6042	3.6599	1.9626	-1.741	0.900	-0.122	-1.304	-1.916	-2.426	-3.190	-3.796	-3.876	0.4787	0.0000	3.7	1	-13.449	3.3119158745
	8.48	3.4937121868	3.4937	2.6564	3.6551	1.8914	-1.871	0.880	-0.197	-1.405	-2.029	-2.550	-3.334	-3.955	-4.038	0.4787	0.0000	4.2	1	-13.449	3.3119180202
	8.48	3.4973618984	3.4974	2.8212	3.6418	1.6738	-2.283	0.804	-0.439	-1.721	-2.385	-2.940	-3.779	-4.446	-4.538	0.4787	0.0000	6.1	1	-13.449	3.3119673729
	8.48	3.4979724884	3.4980	2.8699	3.6380	1.6100	-2.405	0.784	-0.509	-1.813	-2.488	-3.054	-3.910	-4.590	-4.685	0.4787	0.0000	6.8	1	-13.449	3.3119754791
	8.48	3.4985797405	3.4986	2.9187	3.6342	1.5461	-2.527	0.765	-0.579	-1.905	-2.592	-3.169	-4.040	-4.734	-4.832	0.4787	0.0000	7.6	1	-13.449	3.3119835854
	8.48	3.4994926453	3.4995	2.9967	3.6277	1.4421	-2.722	0.751	-0.684	-2.048	-2.756	-3.351	-4.251	-4.966	-5.070	0.4787	0.0000	9.1	1	-13.449	3.3119959831
	8.48	3.5000000000	3.5000	3.0455	3.6236	1.3771	-2.844	0.750	-0.745	-2.134	-2.856	-3.464	-4.382	-5.111	-5.218	0.4787	0.0000	10.2	1	-13.449	3.3120026588
	8.48	3.5002970695	3.5003	3.0727	3.6214	1.3408	-2.912	0.753	-0.775	-2.178	-2.910	-3.526	-4.455	-5.192	-5.301	0.4787	0.0000	10.8	1	-13.449	3.3120067120
	8.48	3.5008294582	3.5008	3.1306	3.6169	1.2650	-3.057	0.753	-0.844	-2.275	-3.025	-3.660	-4.609	-5.361	-5.475	0.4787	0.0000	12.3	1	-13.449	3.3120138645
	8.48	3.5013113022	3.5013	3.1906	3.6119	1.1855	-3.206	0.761	-0.911	-2.374	-3.142	-3.797	-4.769	-5.538	-5.657	0.4787	0.0000	14.1	1	-13.448	3.3120203018
	8.48	3.5017368793	3.5017	3.2505	3.6071	1.1062	-3.356	0.770	-0.979	-2.472	-3.260	-3.933	-4.929	-5.714	-5.838	0.4787	0.0000	16.2	1	-13.448	3.3120260239
	8.48	3.5021121502	3.5021	3.3108	3.6020	1.0254	-3.507	0.788	-1.043	-2.569	-3.378	-4.070	-5.090	-5.893	-6.022	0.4787	0.0000	18.7	1	-13.448	3.3120310307
	8.48	3.5025496483	3.5025	3.3918	3.5949	0.9162	-3.710	0.789	-1.107	-2.672	-3.514	-4.247	-5.308	-6.133	-6.270	0.4787	0.0000	22.5	1	-13.448	3.3120369911
	8.48	3.5028307438	3.5028	3.4545	3.5894	0.8314	-3.866	0.781	-1.150	-2.742	-3.612	-4.381	-5.476	-6.319	-6.462	0.4787	0.0000	26.1	1	-13.448	3.3120408058
	8.48	3.5031118393	3.5031	3.5254	3.5833	0.7364	-4.044	0.764	-1.204	-2.826	-3.726	-4.533	-5.666	-6.528	-6.677	0.4787	0.0000	30.7	1	-13.448	3.3120443821
	8.48	3.5033304691	3.5033	3.5846	3.5777	0.6548	-4.192	0.759	-1.239	-2.887	-3.816	-4.657	-5.825	-6.706	-6.862	0.4787	0.0000	35.4	1	-13.448	3.3120474815
	8.48	3.5035240650	3.5035	3.6372	3.5726	0.5818	-4.323	0.728	-1.232	-2.893	-3.860	-4.751	-5.971	-6.867	-7.027	0.4787	0.0000	40.1	1	-13.448	3.3120501041
	8.48	3.5036861897	3.5037	3.6815	3.5685	0.5208	-4.434	0.667	-1.200	-2.857	-3.866	-4.817	-6.097	-7.003	-7.166	0.4787	0.0000	44.6	1	-13.157	3.3120522499
	8.48	3.5038547516	3.5039	3.7178	3.5645	0.4687	-4.525	0.614	-1.157	-2.808	-3.857	-4.865	-6.202	-7.119	-7.284	0.4787	0.0000	48.8	1	-12.774	3.3120543957
	8.48	3.5041043758	3.5041	3.7880	3.5571	0.3691	-4.700	0.491	-1.085	-2.721	-3.843	-4.961	-6.405	-7.341	-7.511	0.4787	0.0000	58.0	1	-12.041	3.3120577335
	8.48	3.5042977333	3.5043	3.8457	3.5511	0.2875	-4.844	0.369	-1.034	-2.654	-3.834	-5.041	-6.571	-7.524	-7.697	0.4787	0.0000	66.7	1	-11.442	3.3120603561
	8.48	3.5043661594	3.5044	3.8948	3.5457	0.2167	-4.967	0.374	-0.914	-2.518	-3.768	-5.068	-6.710	-7.675	-7.854	0.4787	0.0000	75.4	1	-10.921	3.3120613098
	8.48	3.5044159889	3.5044	3.9245	3.5427	0.1749	-5.041	0.389	-0.842	-2.438	-3.730	-5.083	-6.793	-7.764	-7.947	0.4787	0.0000	81.1	1	-10.614	3.3120620251
	8.48	3.5044412613	3.5044	3.9232	3.5430	0.1773	-5.038	0.384	-0.852	-2.449	-3.737	-5.085	-6.789	-7.759	-7.942	0.4787	0.0000	80.7	1	-10.631	3.3120622635
	8.48	3.5044536591	3.5045	3.9389	3.5413	0.1549	-5.077	0.394	-0.810	-2.402	-3.714	-5.092	-6.833	-7.807	-7.991	0.4787	0.0000	83.9	1	-10.467	3.3120625019
	8.48	3.5044722557	3.5045	3.9558	3.5394	0.1303	-5.120	0.408	-0.760	-2.347	-3.684	-5.096	-6.881	-7.858	-8.046	0.4787	0.0000	87.5	1	-10.286	3.3120627403
	8.48	3.5044827461	3.5045	3.9592	3.5461	0.1539	-5.128	0.205	-1.093	-2.699	-3.944	-5.237	-6.870	-7.834	-8.013	0.3636	0.0000	84.0	1	-10.460	3.3120627403
	8.48	3.5049345493	3.5049	4.1586	3.5248	-0.1308	-5.626	0.322	-0.561	-2.107	-3.645	-5.316	-7.431	-8.435	-8.641	0.3847	0.0000	137.4	1	-8.366	3.3120689392
	8.48	3.5055484772	3.5054	4.2394	3.5139	-0.2552	-5.829	0.529	-0.149	-1.692	-3.391	-5.236	-7.659	-8.678	-8.894	0.5114	0.0000	170.4	1	-7.451	3.3120770454
	8.48	3.5071682930	3.5046	4.2719	3.5029	-0.3317	-5.910	-1.171	-2.048	-3.693	-4.751	-5.767	-7.345	-8.395	-8.731	1.0589	0.7292	109.1	1	-7.995	3.3120987415
	8.48	3.5088567734	3.4950	4.2801	3.4948	-0.3734	-5.930	-0.940	-1.868	-3.590	-4.691	-5.744	-7.361	-8.436	-8.788	1.5312	0.7326	191.1	0	-7.838	3.3121213913
	8.48	3.5095899105	3.4838	4.2813	3.4915	-0.3891	-5.933	-0.839	-1.789	-3.544	-4.661	-5.729	-7.363	-8.447	-8.804	1.7558	0.7342	199.3	0	-7.774	3.3121311665
	8.48	3.5100805759	3.4723	4.2816	3.4895	-0.3990	-5.934	-0.775	-1.738	-3.514	-4.642	-5.719	-7.362	-8.452	-8.814	1.9126	0.7352	204.5	0	-7.733	3.3121376038
	8.48	3.5105726719	3.4597	4.2816	3.4874	-0.4089	-5.934	-0.708	-1.685	-3.481	-4.621	-5.708	-7.361	-8.457	-8.823	2.0818	0.7363	210.0	0	-7.691	3.3121440411
	8.48	3.5110659599	3.4370	4.2804	3.4854	-0.4188	-5.931	-0.640	-1.630	-3.447	-4.598	-5.694	-7.357	-8.459	-8.829	2.2703	0.7374	215.8	0	-7.648	3.3121507168
	8.48	3.5115597248	3.3477	4.2719	3.4827	-0.4324	-5.910	-0.534	-1.541	-3.385	-4.550	-5.658	-7.334	-8.444	-8.819	2.4704	0.7386	222.7	0	-7.598	3.3121573925
	8.48	3.5120539665	3.1543	4.2540	3.4784	-0.4575	-5.865	-0.353	-1.389	-3.276	-4.463	-5.591	-7.287	-8.410	-8.792	2.6571	0.7402	234.0	0	-7.536	3.3121638298
	8.48	3.5123014450	3.0094	4.2420	3.4752	-0.4787	-5.835	-0.221	-1.278	-3.197	-4.401	-5.544	-7.255	-8.387	-8.776	2.7557	0.7413	244.1	0	-7.496	3.3121671677
	8.48	3.5125484467	2.8035	4.2271	3.4702	-0.5144	-5.798	-0.029	-1.123	-3.097	-4.325	-5.489	-7.220	-8.358	-8.753	2.8415	0.7427	262.1	0	-7.441	3.3121705055
	8.48	3.5130426884	0.8813	4.1503	3.5186	-0.7467	-5.606	-1.334	-2.120	-3.630	-4.606	-5.552	-7.050	-8.047	-8.351	2.9837	0.7501	894.8	0	-4.561	3.3121769428
	8.48	3.5130922794	0.7518	4.1395	3.6038	-0.4643	-5.579	-0.778	-3.012	-4.669	-5.481	-6.158	-7.181	-7.928	-8.069	2.9834	0.7519	546.8	0	-9.254	3.3121776581
