All entries in Hipparcos input with a radial velocity
Hip #, radeg,decdeg,l,b,rv,spectral type and luminosity class 
[FORMAT(I6,5(F8.1),2X,a11)]
     7     0.0    20.0   106.8   -41.2     8.0  G0         
     8     0.0    25.9   108.7   -35.6   -31.0  M6:e...    
    11     0.0    46.9   113.9   -15.0   -24.0  A2         
    25     0.1   -44.3   330.5   -70.0     3.0  G3IV       
    43     0.1    59.6   116.5    -2.7   -32.7  G9III-IV   
    58     0.2    62.2   117.1    -0.1    16.0  G0         
    59     0.2    55.7   115.8    -6.4   -26.0  K7         
    63     0.2    45.3   113.7   -16.7    -0.7  B9p...     
    73     0.2    66.8   118.0     4.5   -12.0  K2         
    77     0.2   -30.1    15.1   -78.5    -6.5  A0V        
    80     0.2   -11.8    82.8   -70.7    -7.0  G2V        
    85     0.3   -24.7    42.1   -78.4    -9.0  A2         
    88     0.3   -48.8   323.8   -66.2     8.0  G8III      
    96     0.3    14.0   104.9   -47.1    -4.0  M0         
    99     0.3    60.4   116.8    -1.9   -34.0  Cp...      
   106     0.3    50.0   114.7   -12.1   -20.1  G7II-III   
   107     0.3   -50.3   322.0   -64.9     2.3  M2III      
   110     0.3    39.6   112.5   -22.2     0.4  G5         
   112     0.4   -16.9    71.7   -74.6     8.0  M1.5V:     
   114     0.4    30.7   110.4   -30.9   -11.0  G0IV       
   121     0.4    28.4   109.8   -33.2   -12.6  K2III      
   122     0.4   -77.1   306.5   -39.7    22.6  K2III      
   124     0.4    61.2   117.0    -1.1   -25.1  F0III      
   128     0.4    73.6   119.4    11.1    -8.0  Am...      
   131     0.4    62.0   117.1    -0.3     1.0  A4V        
   137     0.4    42.4   113.2   -19.6   -10.2  B9IIIMNp...
   142     0.5    66.3   118.0     3.9   -18.0  K0         
   144     0.5    76.2   119.9    13.6    -6.0  K5         
   145     0.5    -3.0    94.6   -63.1    23.0  B7III-IV   
   146     0.5   -25.8    37.0   -78.8    48.0  A9V        
   151     0.5   -41.6   334.8   -72.3    11.8  F3IV...    
   154     0.5    -6.0    91.6   -65.8   -11.0  M3III      
   156     0.5    63.4   117.4     1.0    -7.0  B8V        
   163     0.5   -30.7    11.8   -78.6     6.8  A3V        
   168     0.5    -2.8    94.9   -63.0  -132.0  R...       
   171     0.5    27.1   109.6   -34.5   -36.2  G3V        
   172     0.5    67.4   118.2     5.0   -10.0  O7         
   181     0.6    60.7   116.9    -1.6   -24.9  M0         
   183     0.6   -29.7    16.5   -78.9     7.0  B4V        
   186     0.6     9.0   103.0   -52.0     9.2  A6V        
   194     0.6     8.5   102.8   -52.5     9.6  F0V        
   199     0.6    16.3   106.2   -45.0   -11.0  A0         
   201     0.6    18.7   107.1   -42.7   -17.6  F5         
   207     0.6    66.1   118.0     3.7   -18.1  G8III      
   209     0.7    66.1   118.0     3.7    -6.7  A2V        
   220     0.7    35.8   112.0   -26.0    -2.0  A0         
   226     0.7   -24.9    41.5   -78.9    26.8  F0/F2V     
   232     0.7   -30.1    14.2   -78.9     1.3  A0V        
   238     0.7   -20.0    62.9   -76.8    -3.5  F6/F7V     
   257     0.8   -31.2     8.9   -78.7    10.5  A0V        
   262     0.8    32.8   111.4   -28.9   -46.0  F0V        
   270     0.8    73.2   119.4    10.6   -14.0  A2         
   271     0.9   -36.0   349.1   -76.5     9.0  A2III      
   273     0.9   -46.8   325.4   -68.2    -1.0  A0V        
   274     0.9    63.6   117.6     1.3   -43.0  B3Ia       
   278     0.9    55.6   116.1    -6.7   -41.0  B2IVne+... 
   279     0.9    62.4   117.4     0.0    -2.0  B8V        
   291     0.9   -28.4    23.2   -79.3    39.0  Ap...      
   301     0.9   -17.3    72.1   -75.3     8.0  B9IVn      
   302     1.0    66.7   118.2     4.3    15.1  M4         
   309     1.0   -45.3   327.4   -69.5   -15.0  A7V        
   312     1.0    61.1   117.2    -1.2   -33.5  B0Ibp      
   319     1.0    62.2   117.4    -0.1   -45.0  O8e        
   320     1.0   -17.0    73.3   -75.1  -118.5  F1:        
   328     1.0   -30.1    14.0   -79.2    17.0  B8V        
   330     1.1    62.3   117.5    -0.1   -17.7  A1III      
   333     1.1   -17.4    72.2   -75.4   -10.0  A1/A2IV/V  
   334     1.1    60.2   117.1    -2.2   -53.0  B0         
   343     1.1   -16.5    74.7   -74.8   -26.9  K0III      
   344     1.1    40.1   113.2   -21.9   -88.7  M5:e...    
   345     1.1   -29.3    18.5   -79.4    17.0  A1V        
   347     1.1    54.3   116.0    -8.0    -6.0  B3V        
   349     1.1   -29.4    17.9   -79.4    13.7  B8/B9V     
   355     1.1   -10.5    87.1   -70.0   -41.8  K3Ibvar    
   363     1.2    43.6   114.0   -18.5    -6.0  CII...     
   365     1.2    42.1   113.7   -19.9    -8.0  B9III      
   379     1.2    67.2   118.4     4.7   -27.1  K1III      
   389     1.2   -29.6    16.5   -79.5     6.0  A0IV       
   394     1.2    34.7   112.2   -27.2     4.2  G2V        
   398     1.2    58.5   116.9    -3.8    11.0  B3V        
   399     1.2    26.6   110.2   -35.1    -4.6  K4IIIb     
   404     1.2    45.7   114.5   -16.4   -17.0  F8V        
   410     1.3    27.7   110.5   -34.1    12.0  G8II       
   417     1.3    -0.5    98.3   -61.1    13.7  G9III:     
   418     1.3    61.3   117.4    -1.1     1.5  B8MNp...   
   424     1.3    45.2   114.4   -16.9   -18.0  A1Vn       
   428     1.3    45.8   114.6   -16.3     2.0  M2         
   436     1.3   -67.8   309.5   -48.7    41.0  K5V        
   439     1.4   -37.4   343.5   -75.9    22.9  M2V        
   442     1.3   -21.3    59.4   -78.0    30.0  B9V        
   443     1.3    -5.7    93.8   -65.9    -6.1  K1III      
   447     1.3     8.8   104.1   -52.4  -212.9  G4V:p      
   457     1.4   -42.9   330.6   -71.7    36.0  M3III      
   466     1.4    53.2   116.0    -9.1     6.0  K0         
   472     1.4    55.7   116.5    -6.6   -10.0  K0III      
   473     1.4    45.8   114.7   -16.3     3.5  K2         
   476     1.4    13.4   106.2   -48.0     2.0  G5III      
   490     1.5   -41.8   332.5   -72.7     3.2  G0V        
   502     1.5    28.3   110.9   -33.5    12.9  K5III      
   503     1.5    16.5   107.4   -45.0    26.7  G5         
   505     1.5    63.7   117.9     1.2   -62.8  O6pe       
   512     1.5   -29.2    18.8   -79.8     5.0  B9V        
   516     1.6   -32.8     0.0   -78.7    34.0  M1III      
   518     1.6    58.4   117.0    -3.9   -11.6  G5V        
   519     1.6   -64.2   310.9   -52.2    17.2  F3IV       
   522     1.6   -49.1   321.6   -66.4     2.6  G1IV...    
   526     1.6    60.5   117.4    -1.9   -13.0  F0         
   530     1.6    42.8   114.2   -19.4   -32.0  G1V        
   531     1.6    64.2   118.1     1.8    -0.4  B9III      
   536     1.6    27.1   110.8   -34.7   -33.0  M6e        
   540     1.6    28.6   111.1   -33.3     3.4  G9III      
   544     1.7    29.0   111.3   -32.8    -5.6  K0V        
   560     1.7   -23.1    52.2   -79.1     3.1  F2IV       
   582     1.8    62.4   117.8     0.0   -10.0  A0V        
   584     1.8   -15.9    78.3   -74.7   -10.0  F5V        
   585     1.8   -30.6    10.8   -79.7   -11.9  A1V        
   596     1.8   -76.7   306.2   -40.1    28.3  F5IV-V     
   597     1.8    73.2   119.7    10.6   -20.0  F2         
   607     1.8    26.5   110.8   -35.4    12.6  K1IV       
   613     1.9    17.3   108.2   -44.3     1.7  K0         
   635     1.9    -2.5    98.0   -63.3    13.2  B8IIIsp... 
   636     1.9   -22.5    55.6   -79.1   -14.3  A1V        
   649     2.0    -7.5    93.2   -67.9   -22.0  F5V        
   653     2.0   -30.0    13.4   -80.0   -15.0  A8/A9V     
   664     2.1    -2.4    98.3   -63.2     0.6  K2III      
   671     2.1    -8.8    91.8   -69.1    20.4  G8III:     
   677     2.1    29.1   111.7   -32.8   -11.7  B9p        
   682     2.1     6.6   104.2   -54.7    -3.9  G2V        
   684     2.1   -44.3   326.9   -70.8   -22.0  A3III      
   695     2.1    63.2   118.1     0.7    -6.0  G3II       
   696     2.1   -17.6    74.7   -76.2   -17.1  M0/M1IIICNp
   699     2.2    36.6   113.4   -25.5   -13.8  F8IV       
   701     2.2    74.2   120.0    11.6     5.7  A0         
   704     2.2    14.1   107.5   -47.5   -36.7  K0         
   705     2.2    86.8   122.3    24.0   -79.8  G2V        
   716     2.2    25.5   111.0   -36.4    14.7  K0III      
   720     2.2   -22.2    57.7   -79.2    -0.5  M2III      
   723     2.2    66.5   118.7     3.9   -59.7  G5         
   728     2.3    28.2   111.7   -33.7    -2.0  A4Vm       
   729     2.3    18.2   109.0   -43.5   -21.1  G9III      
   730     2.3   -54.0   316.2   -62.0     0.9  G4IV...    
   746     2.3    59.1   117.5    -3.3    11.3  F2III-IV   
   755     2.3    65.1   118.5     2.6     7.2  K0         
   760     2.3    79.7   121.0    17.0    -3.0  A7IV       
   761     2.3   -28.0    25.2   -80.6     9.0  F3V        
   765     2.4   -45.7   324.3   -69.6    -9.2  K0III      
   767     2.4    46.4   115.4   -15.9    -6.0  B9         
   768     2.4    19.1   109.4   -42.7   -24.0  G3V        
   773     2.4    19.6   109.6   -42.2     2.0  G8IV       
   779     2.4    62.7   118.2     0.2   -87.3  M1Ibpevar..
   781     2.4    51.6   116.3   -10.8   -25.8  M3:e...    
   786     2.4   -37.3   341.2   -76.5     1.4  F3/F5V     
   803     2.5    -2.6    99.1   -63.5    18.0  K2         
   810     2.5   -25.9    38.3   -80.6    -8.0  A2V        
   813     2.5    11.1   106.9   -50.4    13.9  B9V        
   814     2.5   -82.2   304.6   -34.8    15.0  K1/K2III   
   840     2.6    -5.2    97.0   -66.0    23.8  K1III      
   841     2.6    46.1   115.5   -16.2    -5.4  F2II       
   843     2.6    18.7   109.5   -43.2   -19.5  K0         
   852     2.6    28.7   112.2   -33.4   -10.9  M4III:     
   856     2.6    15.2   108.5   -46.5    -4.0  F6V        
   857     2.6    57.2   117.4    -5.3     1.8  B7IV       
   858     2.6    33.1   113.2   -29.0   -13.7  K4III      
   860     2.6    59.7   117.8    -2.8    -3.0  B1V        
   865     2.7   -73.2   307.0   -43.6   -13.7  F3/F5IV+...
   871     2.7    54.9   117.1    -7.5    -9.7  B7e+...    
   873     2.7   -12.6    87.7   -72.6     8.2  K0III      
   893     2.7   -18.6    73.4   -77.4   -12.9  M3III      
   895     2.8    29.6   112.5   -32.5     9.7  F5V        
   910     2.8   -15.5    82.2   -75.1    14.7  F5V        
   911     2.8   -20.7    65.7   -78.8   -85.0  F4         
   915     2.8   -32.4   359.3   -79.8     6.1  A3V        
   919     2.8    30.4   112.8   -31.6    -3.4  K0V        
   929     2.9   -58.9   312.5   -57.5    -4.6  G4V        
   930     2.9   -27.8    26.3   -81.1    -5.7  K2III      
   940     2.9    58.2   117.7    -4.2   -25.6  B5II:...   
   942     2.9    63.4   118.5     0.9     4.0  A0V        
   948     2.9   -39.2   334.8   -75.3   -13.1  K5V        
   950     2.9   -35.1   347.2   -78.3    -1.7  F3/F5V     
   952     2.9    27.5   112.2   -34.5    -9.0  F5V        
   967     3.0    48.2   116.2   -14.2    15.7  K4III      
   983     3.0   -17.9    76.3   -77.1    -8.0  K4III      
  1013     3.2   -26.9    32.5   -81.4     6.0  K1IV       
  1027     3.2    15.6   109.4   -46.3     5.5  K0         
  1030     3.2    37.7   114.6   -24.5    -9.9  B2V        
  1042     3.3    62.7   118.6     0.2     8.0  F2V        
  1046     3.3   -22.5    59.0   -80.1   -16.0  G8/K0III   
  1055     3.3    20.4   110.9   -41.6   -39.0  M0         
  1057     3.3    16.9   109.9   -45.0     9.6  K1III      
  1063     3.3    62.0   118.5    -0.5     9.0  Am...      
  1066     3.3   -37.8   337.5   -76.6    36.7  K3/K4III   
  1067     3.3    15.2   109.4   -46.7     4.0  B2IV       
  1076     3.3    27.0   112.6   -35.1    -9.0  G0III      
  1079     3.4    27.0   112.6   -35.1   -15.6  K2III      
  1086     3.4    41.0   115.3   -21.3   -28.8  F0IV       
  1088     3.4   -29.6    14.4   -81.3     1.3  A5IV       
  1096     3.4   -26.0    38.3   -81.5   -29.5  K5III      
  1098     3.4    18.6   110.6   -43.3   -30.9  G5         
  1099     3.4   -26.3    36.5   -81.5    17.6  K4III      
  1104     3.4    54.5   117.4    -8.0   -21.0  B3         
  1115     3.5   -17.5    78.9   -77.1    -9.0  B4V        
  1120     3.5    -3.9   100.3   -65.1   -23.0  G6III      
  1123     3.5    33.2   114.0   -29.0     0.9  A1V        
  1124     3.5    76.0   120.6    13.3    -0.7  M4III:     
  1125     3.5    44.5   115.9   -17.9    15.0  F4V        
  1128     3.5   -11.3    92.1   -71.9     7.0  G5         
  1132     3.5    60.7   118.4    -1.8   -23.0  A0         
  1133     3.5    26.3   112.6   -35.9   -25.0  F7IV       
  1135     3.5    13.6   109.2   -48.3   -10.3  G5         
  1137     3.6    35.4   114.4   -26.8     1.0  F5V        
  1150     3.6    76.0   120.6    13.3   -15.9  G5         
  1152     3.6    43.8   115.9   -18.5    17.0  F8V        
  1158     3.6    -7.8    96.9   -68.8    -1.6  M3IIIvar   
  1161     3.6   -14.4    86.9   -74.7    -0.5  F5V        
  1168     3.7    20.2   111.3   -41.8   -45.8  M2III      
  1170     3.7   -18.9    75.1   -78.2   -21.9  M1III      
  1176     3.7   -14.8    86.3   -75.0   -29.8  G8III/IV   
  1184     3.7    62.2   118.7    -0.4    14.0  F6V        
  1185     3.7   -14.2    87.7   -74.5    -8.5  A7III      
  1191     3.7    -9.6    95.1   -70.4    16.9  B9V        
  1193     3.7    22.3   111.9   -39.8    15.0  A1p        
  1196     3.7     8.8   107.9   -53.0     0.9  F0IV       
  1197     3.7     8.8   107.9   -53.0     8.8  A7         
  1208     3.8    31.5   113.9   -30.7     2.3  K5         
  1209     3.8    61.8   118.7    -0.8    -8.0  K2II       
  1210     3.8   -29.0    17.6   -81.8     7.3  A4:m...    
  1213     3.8    58.4   118.2    -4.1   -43.0  F7         
  1215     3.8    27.3   113.1   -34.9    -4.0  A1Vn       
  1225     3.8   -40.1   330.7   -75.0   -11.9  K0:III     
  1235     3.8    62.7   118.8     0.1    16.0  F2III      
  1236     3.8   -32.0   358.7   -80.8    35.0  M7/M8IIIe  
  1245     3.9    13.4   109.7   -48.5   -13.8  K2         
  1269     4.0    61.0   118.6    -1.6   -17.0  G8III...   
  1277     4.0    14.7   110.3   -47.3    27.8  K2         
  1288     4.0   -31.4     1.5   -81.2    26.2  K2III      
  1296     4.1    77.0   120.9    14.2    -4.8  B9Vn       
  1302     4.1    43.6   116.2   -18.8     2.0  A2V        
  1319     4.1     8.2   108.3   -53.6     1.4  G8II-III   
  1320     4.1    15.8   110.8   -46.2    -4.1  A5         
  1325     4.2     1.9   105.4   -59.8    -6.3  M5III      
  1329     4.2    54.7   117.9    -7.9    11.0  A3...      
  1331     4.2   -20.2    72.1   -79.5    17.0  B6III/IV   
  1333     4.2    36.6   115.2   -25.7    -1.0  A0         
  1336     4.2    36.5   115.2   -25.9     7.1  G0         
  1339     4.2    10.2   109.1   -51.7    11.2  M2III:     
  1340     4.2    13.9   110.3   -48.1    -1.0  A3         
  1342     4.2   -78.8   305.1   -38.2   -12.5  F3III      
  1349     4.2   -52.7   314.8   -63.7    -9.0  G2V        
  1354     4.2    61.5   118.8    -1.1    -3.6  G8III      
  1355     4.2    63.6   119.1     0.9   -16.0  A0         
  1366     4.3    38.7   115.6   -23.7     0.9  A2V        
  1368     4.3    40.9   116.0   -21.5     4.8  M0         
  1372     4.3    47.9   117.0   -14.5    -8.8  B7III      
  1382     4.3   -43.9   323.1   -71.9     9.3  G5IV-V     
  1383     4.3    62.8   119.1     0.2     3.0  A0V        
  1388     4.3    16.5   111.2   -45.6    -3.3  G0         
  1390     4.3    16.5   111.2   -45.6    -3.0  F5         
  1392     4.4     8.9   108.8   -53.1    35.9  F5         
  1401     4.4    50.3   117.4   -12.2   -43.0  NV...      
  1415     4.4    51.4   117.6   -11.1   -35.2  O9IIInn    
  1421     4.4     1.7   105.9   -60.1    -9.4  K0II       
  1427     4.5    16.3   111.3   -45.8     7.9  F6V        
  1428     4.5    59.1   118.6    -3.5   -12.0  B2.5V      
  1429     4.5    20.2   112.3   -42.0     9.0  M4II-III   
  1437     4.5     0.4   105.2   -61.3    43.7  F9V        
  1439     4.5    12.8   110.4   -49.3     2.6  G8II       
  1444     4.5   -13.5    91.5   -74.2    28.2  G2V        
  1464     4.6   -21.1    69.6   -80.4    -1.0  B9/B9.5IV  
  1465     4.6    11.2   110.0   -50.8     8.6  K0III      
  1466     4.6    61.7   119.0    -0.9   -40.0  B1II...    
  1473     4.6    36.8   115.6   -25.6    -8.0  A2V        
  1475     4.6    44.0   116.7   -18.5    12.5  M1V        
  1477     4.6    30.4   114.5   -31.9   -38.4  K3III      
  1484     4.6    76.3   120.9    13.5    -2.0  B9         
  1486     4.6    62.2   119.1    -0.4   -30.0  K7Iab:     
  1488     4.6    26.1   113.8   -36.2   -10.7  A2...      
  1493     4.7    31.5   114.8   -30.8    -5.3  A0IV       
  1495     4.7    22.9   113.2   -39.4    12.0  G8IV       
  1499     4.7    -8.1    99.3   -69.4   -10.4  G0V        
  1501     4.7    43.8   116.7   -18.7     7.0  B8V        
  1503     4.7    16.0   111.5   -46.2    10.7  F5...      
  1547     4.8    14.1   111.2   -48.1    -9.5  K0         
  1550     4.8    59.1   118.8    -3.5     1.5  B9V        
  1553     4.8    26.5   114.1   -35.9   -10.9  G8III      
  1561     4.9   -37.8   333.3   -77.4    40.0  A5IIIm...  
  1562     4.9    -8.8    99.0   -70.2    18.6  K2III      
  1575     4.9    40.7   116.5   -21.7   -37.5  K1III      
  1591     5.0    42.9   116.8   -19.6    15.0  F2III      
  1593     5.0    44.7   117.1   -17.8     9.0  C...       
  1595     5.0    16.3   112.0   -46.0    19.7  K0         
  1598     5.0    38.2   116.2   -24.2     9.0  G0         
  1599     5.0   -64.9   308.3   -51.9     9.0  F9V        
  1603     5.0    48.9   117.6   -13.7    -3.0  A0Vs       
  1605     5.0    62.1   119.3    -0.6   -52.0  B0.5IIIn...
  1621     5.1    54.2   118.3    -8.4   -53.0  B3         
  1623     5.1   -77.2   305.2   -39.8     2.9  F6V        
  1630     5.1    30.9   115.1   -31.5     3.8  B7V        
  1637     5.1    60.3   119.1    -2.4   -26.0  B2III      
  1638     5.1    10.9   110.8   -51.2     6.0  K0         
  1640     5.1    31.0   115.2   -31.4    10.2  K1IV       
  1645     5.1     8.2   109.9   -53.9    15.9  K3III      
  1647     5.2   -69.6   306.9   -47.3    11.6  B9V        
  1652     5.2    61.9   119.3    -0.8   -29.0  M2II:      
  1656     5.2    26.5   114.5   -35.8    22.9  K5III      
  1657     5.2    32.9   115.5   -29.5   -36.1  K5III      
  1664     5.2    18.5   112.9   -43.8    40.4  G5         
  1669     5.2    33.0   115.6   -29.5    -3.5  F5         
  1670     5.2    11.0   110.9   -51.2   -17.8  A0V        
  1677     5.2    12.8   111.5   -49.4   -19.2  A3         
  1686     5.3    38.0   116.4   -24.5     9.1  F5III      
  1694     5.3   -35.8   337.6   -79.2    94.8  M0III      
  1708     5.4   -29.0    15.5   -83.2    20.6  K0III      
  1718     5.4   -16.2    89.1   -77.1    -5.0  F5V        
  1728     5.4   -20.1    77.5   -80.2    29.1  M5/M6Ib/II 
  1743     5.5    62.2   119.5    -0.5   -56.0  B0.2IV     
  1746     5.5   -26.7    34.9   -83.4    -5.0  G5V        
  1768     5.6   -27.0    32.1   -83.5     0.4  K1V        
  1772     5.6    13.5   112.2   -48.8     3.3  K3III      
  1799     5.7    29.5   115.5   -33.0     4.9  A3         
  1803     5.7   -12.2    97.4   -73.7    -6.8  G3V        
  1805     5.7    62.2   119.6    -0.4   -52.0  B0IV       
  1807     5.7   -52.5   312.9   -64.1   -58.2  K0         
  1809     5.7    38.8   116.9   -23.8   -23.2  M4III:     
  1821     5.8   -15.9    91.0   -77.0   -20.2  M0III      
  1830     5.8   -31.0   358.9   -82.7     3.0  B9IV       
  1834     5.8    55.8   118.9    -6.9   -12.1  M6:e...    
  1849     5.8   -29.8     7.5   -83.3     4.1  M2III      
  1878     5.9    29.4   115.7   -33.1   -21.8  F8IIIvar   
  1879     5.9    45.1   117.8   -17.5    35.7  G9III      
  1901     6.0    38.6   117.1   -24.0   -11.3  Se...      
  1904     6.0   -37.4   330.5   -78.2   -19.5  B8II       
  1905     6.0    44.3   117.8   -18.3    -4.0  F2         
  1913     6.1   -16.8    90.2   -77.9   -17.0  A3III      
  1921     6.1    52.0   118.7   -10.6    -7.0  B5IV       
  1928     6.1   -29.0    14.2   -83.7    -6.1  A1V        
  1934     6.1    26.4   115.4   -36.1   -15.0  K1III...   
  1936     6.1   -27.0    32.4   -84.0     3.7  K2V        
  1939     6.1    -2.2   107.3   -64.3    15.3  K1III      
  1940     6.1   -28.4    19.2   -83.9     8.0  G0V        
  1945     6.1    54.3   119.0    -8.4   -36.0  CV...      
  1948     6.2    14.3   113.2   -48.0   -15.8  K0         
  1952     6.2    31.4   116.2   -31.1     5.8  B9         
  1953     6.2   -74.2   305.4   -42.8    45.0  F7V        
  1955     6.2   -51.0   313.1   -65.6     8.3  G3IV       
  1960     6.2    61.8   119.8    -0.9    -4.0  B9III      
  1961     6.2   -23.5    62.9   -82.9     2.2  F3V        
  1977     6.3   -51.5   312.7   -65.1    -3.0  G0V        
  1982     6.3    53.0   118.9    -9.6    10.0  B9IV       
  2006     6.4     1.9   109.7   -60.3    -4.1  G5III      
  2007     6.4   -74.4   305.3   -42.6    37.0  G8III      
  2009     6.4    56.2   119.3    -6.5    -6.0  B3         
  2016     6.4    34.1   116.8   -28.5   -36.0  K0III-IV   
  2021     6.4   -77.3   304.8   -39.8    22.9  G2IV       
  2025     6.4     7.7   111.9   -54.6   -17.7  K0         
  2027     6.4   -21.6    74.7   -82.0     3.0  A0/A1V     
  2036     6.5    71.8   120.9     9.0    -5.0  B1V        
  2037     6.5    65.4   120.3     2.6   -21.2  B9         
  2055     6.5    28.9   116.3   -33.6   -52.2  M0III      
  2063     6.5    55.5   119.3    -7.2    -9.6  K0         
  2072     6.6   -43.7   318.4   -72.7    11.3  A7V        
  2081     6.6   -42.3   320.0   -74.0    74.6  K0III...   
  2085     6.6    51.3   118.9   -11.4   -21.7  F5IIvar    
  2086     6.6   -18.7    87.3   -79.8    -0.3  M1III      
  2100     6.7     0.0   109.5   -62.3   -22.7  G8III      
  2142     6.8    80.1   121.8    17.2     6.0  B9         
  2144     6.8    31.2   116.8   -31.4    30.0  M1III:     
  2148     6.8   -73.4   305.3   -43.6    20.0  F6         
  2152     6.8    25.6   116.1   -37.0   -36.1  K3III      
  2159     6.8   -25.5    47.8   -84.3    -3.0  K0III      
  2161     6.8   -36.4   330.4   -79.4    36.2  M3III      
  2170     6.8    30.9   116.9   -31.7   -20.0  K1III...   
  2178     6.9    16.0   114.6   -46.5    -4.0  A5         
  2179     6.9    14.4   114.2   -48.0   -38.1  K2         
  2180     6.9    35.6   117.5   -27.0   -14.0  NV...      
  2184     6.9   -20.1    83.8   -81.1     9.0  A9V        
  2191     6.9    58.6   119.8    -4.2   -14.0  B3V        
  2210     7.0   -33.0   342.4   -82.2    12.1  M2/M3III   
  2213     7.0    19.5   115.4   -43.0     8.3  K0         
  2219     7.0    17.9   115.1   -44.6     5.5  M3IIIvar   
  2224     7.1    16.4   114.9   -46.1    -7.0  K5III      
  2225     7.1    44.4   118.6   -18.3     2.0  A2Vs       
  2235     7.1    10.2   113.6   -52.3    -9.9  F6Vawvar   
  2237     7.1   -20.3    83.9   -81.4     7.3  G3V        
  2240     7.1   -39.9   321.9   -76.3    32.3  M0III      
  2243     7.1    32.4   117.3   -30.2   -18.0  A2p...     
  2247     7.1   -16.2    95.8   -77.9     7.0  K5V        
  2259     7.2    62.5   120.3    -0.2   -37.0  B0.5IV...  
  2263     7.2   -24.6    57.8   -84.3    18.8  A9V        
  2270     7.2    36.9   117.9   -25.8    10.0  G5III      
  2289     7.3    59.5   120.1    -3.3   -55.0  G4III      
  2297     7.3   -45.7   314.8   -70.9    11.0  A2III      
  2300     7.3    28.8   117.1   -33.8    32.4  K3III      
  2333     7.5    -0.3   111.1   -62.7    14.0  G6III...   
  2337     7.5   -14.9    99.6   -76.8     2.9  F2/F3V     
  2343     7.5    -1.1   110.8   -63.5     0.3  F0         
  2347     7.5    60.2   120.3    -2.5   -11.0  G1Ibvar    
  2352     7.5    75.2   121.5    12.4   -61.1  K0         
  2353     7.5    -4.0   109.6   -66.3     4.7  M0III      
  2354     7.5    60.2   120.3    -2.6   -11.2  F4II       
  2355     7.5    29.8   117.4   -32.9   -10.2  A7III      
  2364     7.5    54.5   119.8    -8.3   -59.2  K8         
  2374     7.6    15.8   115.5   -46.8    10.0  K0         
  2377     7.6    60.0   120.3    -2.8   -17.4  B9IIIn     
  2381     7.6   -23.8    66.9   -84.2    -0.1  A3V        
  2383     7.6   -48.2   312.5   -68.5     2.0  F2V        
  2390     7.6    65.3   120.7     2.5    -8.0  B0.5III    
  2393     7.6    32.2   117.8   -30.5    -8.0  F5         
  2409     7.7    62.4   120.5    -0.4    -1.0  B2V        
  2421     7.7    29.5   117.6   -33.1   -16.1  K1III      
  2422     7.7    77.0   121.7    14.2    19.0  K0IV       
  2434     7.8    43.4   119.0   -19.3   -11.0  F7V        
  2453     7.8    69.8   121.2     7.0    11.1  F8         
  2455     7.8    43.9   119.1   -18.8    -6.4  B8         
  2456     7.8   -35.5   329.0   -80.6    34.0  B9.5V      
  2457     7.8    55.3   120.0    -7.5   -37.0  B3         
  2459     7.8    57.3   120.2    -5.5   -19.0  B5         
  2463     7.8   -16.8    97.6   -78.7   -60.5  Fw         
  2472     7.9   -48.8   311.8   -68.0    -2.0  A0V        
  2474     7.9    66.5   120.9     3.7    -9.5  B6V        
  2475     7.9    33.6   118.2   -29.1     6.7  K1III...   
  2480     7.9    20.8   116.7   -41.8     4.0  K4III      
  2484     7.9   -63.0   306.8   -54.0    14.0  B9V        
  2487     7.9   -63.0   306.8   -54.0     9.8  A2V        
  2490     7.9    16.0   116.0   -46.6    -6.2  K0         
  2497     7.9    52.8   119.9    -9.9   -52.0  K2III      
  2505     7.9    54.5   120.1    -8.2   -12.2  B8Vn       
  2509     8.0    37.0   118.6   -25.7   -19.7  G0         
  2517     8.0    19.6   116.6   -43.0     3.7  K5III      
  2520     8.0    28.5   117.8   -34.2   -26.4  K1III      
  2525     8.0    67.2   121.1     4.4    -6.1  B3Vne      
  2526     8.0    56.0   120.2    -6.8   -13.9  K2III      
  2529     8.0    30.5   118.0   -32.1    32.0  R...       
  2533     8.0    -5.2   110.2   -67.6   -10.6  K0V        
  2537     8.0    53.8   120.1    -8.9   -28.0  K2         
  2539     8.1    35.0   118.5   -27.7    -2.0  A5IV       
  2548     8.1     7.0   114.6   -55.6    16.5  B9.5V      
  2552     8.1    67.2   121.1     4.4    10.0  M2.5Ve     
  2553     8.1    43.5   119.3   -19.2   -15.0  A1Vn       
  2565     8.1    27.6   117.8   -35.1     1.9  A2IV       
  2568     8.1    20.3   116.9   -42.4   -12.5  K0III      
  2573     8.2    23.2   117.3   -39.5  -112.0  G8III-IV   
  2578     8.2   -63.0   306.5   -54.0     5.0  A0V        
  2581     8.2    54.1   120.2    -8.6  -107.0  K2III      
  2583     8.2    28.3   118.0   -34.4   -12.0  G8II       
  2599     8.2    62.9   120.8     0.1    -2.3  B1Ia       
  2604     8.3    42.0   119.3   -20.7     3.0  M0         
  2611     8.3    54.9   120.3    -7.9   -35.2  K0III      
  2628     8.3    71.0   121.4     8.2   -10.0  A0Vn       
  2629     8.3   -71.3   305.0   -45.8     2.3  A7IV       
  2647     8.4    60.5   120.7    -2.2     4.0  B9         
  2655     8.4   -15.5   102.5   -77.7   -70.0  F2.2:      
  2661     8.4   -29.6     0.0   -85.4    -5.4  K1III      
  2663     8.4   -35.0   327.5   -81.3    29.0  F8/G0V     
  2665     8.5   -39.9   317.8   -76.7     3.0  A0V        
  2677     8.5     3.3   114.3   -59.3   -10.0  G4III      
  2685     8.5   -32.3   338.0   -83.6     2.7  M3III      
  2700     8.6    22.4   117.7   -40.3    -1.0  M9         
  2702     8.6   -63.1   306.2   -54.0   -16.0  B5III      
  2707     8.6    66.8   121.2     3.9   -16.0  B9III      
  2711     8.6   -52.4   309.0   -64.6    34.8  F3IV-V     
  2713     8.6    -4.5   112.1   -67.1    10.0  G0         
  2734     8.7    13.4   116.8   -49.3   -19.0  K0         
  2742     8.8    42.7   119.7   -20.1     1.0  K0IV       
  2743     8.8   -63.7   306.0   -53.3     1.5  K3V        
  2745     8.8   -26.1    47.3   -86.2    -7.3  G8III      
  2746     8.8   -56.2   307.6   -60.8    38.0  F0V        
  2752     8.8    36.8   119.3   -25.9    -8.0  K0         
  2753     8.8    36.8   119.3   -25.9    -8.9  G8III-IV...
  2762     8.8    -3.6   112.9   -66.2     9.4  F8V...     
  2787     8.9    -0.5   114.1   -63.1     6.2  F5IV       
  2788     8.9   -25.4    57.9   -86.0     5.5  A7V        
  2791     8.9    57.2   120.8    -5.6   -19.0  Ap...      
  2796     8.9    67.9   121.4     5.1   -18.0  K2Ib-II    
  2797     8.9    79.3   122.2    16.4    14.0  K0         
  2800     8.9   -14.7   105.6   -77.1   -34.0  A1V        
  2802     8.9   -48.0   310.3   -68.9     7.6  F6V        
  2812     8.9   -73.2   304.5   -43.9    36.0  G5III      
  2816     9.0    61.5   121.1    -1.4   -22.0  B1IV:nn    
  2825     9.0    29.1   118.8   -33.7   -34.7  K1III      
  2832     9.0    13.2   117.1   -49.5   -24.5  F7V        
  2844     9.0    30.0   119.0   -32.8   -49.0  G2V...     
  2846     9.0   -15.0   105.8   -77.3    14.4  K0III      
  2848     9.0   -49.1   309.6   -67.8     5.0  K0V        
  2851     9.0    38.3   119.6   -24.5   -16.0  M0III      
  2852     9.0   -22.8    83.1   -84.5    13.2  A5m...     
  2854     9.0    54.2   120.7    -8.6     1.1  B7III      
  2860     9.1    48.6   120.3   -14.2    -5.2  B2V        
  2865     9.1    27.3   118.8   -35.5     1.0  B8IIIMNp...
  2866     9.1    44.6   120.1   -18.1    -9.1  B8         
  2876     9.1    60.3   121.1    -2.5    -8.5  A4III      
  2880     9.1   -30.3   347.7   -85.4    -4.0  M3II       
  2888     9.2   -49.1   309.4   -67.8    -3.0  G0/G1V     
  2896     9.2    27.1   118.9   -35.7    -0.7  F3IV       
  2900     9.2    44.5   120.2   -18.3   -33.8  K5III      
  2901     9.2    55.0   120.8    -7.8   -41.0  K2         
  2903     9.2    15.2   117.7   -47.5    -7.2  B2.5IV     
  2905     9.2    60.5   121.1    -2.3   -22.0  B5...      
  2912     9.2    33.7   119.5   -29.0     8.7  B5V        
  2920     9.2    53.9   120.8    -8.9     1.6  B2IV       
  2923     9.3    31.5   119.3   -31.3    11.0  F0III      
  2926     9.3    24.0   118.7   -38.7    -0.6  K2III      
  2941     9.3   -24.8    68.8   -86.1    17.5  K1V+...    
  2942     9.3    35.4   119.7   -27.4    -0.2  G5III      
  2944     9.3   -37.3   318.3   -79.4   -18.5  G8V        
  2954     9.4     3.1   116.1   -59.5     4.1  K4III      
  2960     9.4   -55.7   307.0   -61.4    -2.3  M6III      
  2968     9.4    72.9   121.9    10.1   -15.1  B3         
  2973     9.5    25.8   119.1   -36.9   -14.0  G8III      
  2994     9.5    -0.5   115.5   -63.2   -55.2  K2III      
  3010     9.6   -74.0   304.2   -43.1    44.0  F5IV-V     
  3013     9.6   -15.0   108.2   -77.5    86.7  B2         
  3025     9.6   -20.3    98.9   -82.6     9.0  Asp...     
  3026     9.6    -8.3   113.1   -70.9   -49.7  F5V        
  3030     9.6    60.3   121.3    -2.5   -28.0  K3Ib-II    
  3031     9.6    29.3   119.6   -33.5   -83.6  G5III...   
  3033     9.6     6.0   117.1   -56.7    30.0  G0V        
  3042     9.7   -73.1   304.2   -44.0    64.0  A1m...     
  3064     9.7   -25.6    60.8   -86.8     7.0  A5V        
  3070     9.7    26.3   119.4   -36.5    -0.2  K3III      
  3076     9.8   -72.3   304.3   -44.8    56.0  A9V        
  3083     9.8    49.4   120.9   -13.5    -9.8  K5III      
  3086     9.8     3.1   116.9   -59.6   -29.7  G2V        
  3092     9.8    30.9   119.9   -31.9    -7.3  K3III...   
  3093     9.8    21.3   119.2   -41.5   -33.3  K0V        
  3097     9.9    74.7   122.1    11.9     0.6             
  3101     9.9    26.7   119.6   -36.1   -19.0  G0V        
  3114     9.9   -85.7   303.2   -31.4    12.0  K5III      
  3127     9.9   -41.7   311.5   -75.3    17.3  F8V        
  3131     9.9   -80.7   303.5   -36.5   -59.5  G2IV/V     
  3132     9.9    82.5   122.5    19.6   -33.4  F6V:       
  3135    10.0   -37.4   315.6   -79.4    13.0  A6V        
  3136    10.0    63.2   121.6     0.4   -27.6  F6IV       
  3138    10.0    21.4   119.4   -41.3   -17.3  F3V...     
  3142    10.0   -34.0   322.1   -82.7   -11.4  F7V        
  3147    10.0   -73.8   304.0   -43.3    51.0  F3V        
  3163    10.1    24.0   119.7   -38.8    -1.0  A3         
  3164    10.1    26.7   119.9   -36.1   -10.0  F6V        
  3165    10.1    24.1   119.7   -38.8    -3.0  A3         
  3166    10.1    59.5   121.5    -3.4   -12.1  K0IIIp     
  3170    10.1   -59.5   305.5   -57.6     1.5  G1V        
  3179    10.1    56.5   121.4    -6.3    -3.9  K0II-IIIvar
  3185    10.1   -23.8    85.8   -85.9   -53.1  G3/G5V     
  3191    10.2    30.0   120.2   -32.8   -25.2  F5V        
  3193    10.2    -4.4   116.1   -67.1    34.5  K0III      
  3203    10.2    -7.2   115.2   -69.9     5.2  G0...      
  3206    10.2    40.2   120.7   -22.6   -63.0  K2V        
  3213    10.2   -51.4   306.9   -65.7    89.3  sdG8       
  3214    10.2    31.1   120.3   -31.7    14.0  F4V        
  3218    10.2   -40.5   311.5   -76.4     4.0  A1V        
  3231    10.3    39.5   120.8   -23.4    -4.7  G8III      
  3236    10.3     9.4   118.7   -53.4   -18.5  F5         
  3237    10.3    39.6   120.8   -23.2   -22.0  B0.7Vn...  
  3245    10.3   -46.1   308.3   -70.9    18.8  G8III      
  3249    10.4   -13.2   112.9   -75.8     3.0  K5         
  3254    10.4   -73.1   303.9   -44.0    31.0  G5/G6V:    
  3268    10.4   -74.2   303.9   -42.9    30.0  K1III      
  3269    10.4    24.6   120.1   -38.2   -14.6  A7m        
  3277    10.4   -56.5   305.6   -60.6     9.8  Ap         
  3289    10.5    59.9   121.7    -2.9    33.0  A3         
  3292    10.5   -53.2   306.1   -63.9    -0.9  F8V        
  3299    10.5    66.1   122.0     3.3    -3.2  G9III-IV   
  3300    10.5    50.5   121.4   -12.3   -10.6  B2.5V      
  3305    10.5   -15.4   112.1   -78.0   -12.0  A2         
  3310    10.5    24.1   120.2   -38.7   -40.0  G9III      
  3320    10.6   -31.9   324.9   -84.8    -8.3  A2V        
  3326    10.6     4.2   118.6   -58.6     8.3  F8V        
  3330    10.6   -65.5   304.4   -51.6    14.1  F6V        
  3334    10.6    58.8   121.8    -4.1    -3.0  B9.5III    
  3344    10.7   -36.0   314.3   -80.9    15.0  M1III      
  3346    10.7    52.3   121.6   -10.5   -92.0  B1III      
  3348    10.7    71.4   122.2     8.5   -15.0  A0...      
  3352    10.7   -60.3   304.9   -56.8    26.1  K5III      
  3356    10.7   -38.5   311.5   -78.5    10.0  B9.5V      
  3360    10.7    30.1   120.7   -32.7   -21.6  K2II-III   
  3362    10.7    35.5   121.0   -27.3    -0.5  M1Ve+...   
  3365    10.7    45.9   121.4   -16.9   -20.7  K5III      
  3367    10.7    64.3   122.0     1.4   -58.2  A1Ia       
  3369    10.7    -9.9   115.8   -72.7    23.0  F8         
  3381    10.7   -38.1   311.6   -78.9   -52.3  B8         
  3405    10.8   -57.5   305.1   -59.6     2.0  A0IV       
  3410    10.9    -0.9   118.4   -63.7   -52.1  G5         
  3414    10.9    47.0   121.5   -15.8    13.4  A5V        
  3418    10.9    33.8   121.1   -29.0   -34.5  K8         
  3419    10.9   -18.0   111.3   -80.7    13.1  K0III      
  3430    10.9    72.2   122.3     9.3  -114.0  F5         
  3432    11.0    42.3   121.4   -20.6    -9.5  F3IV-V     
  3436    11.0   -12.0   115.8   -74.8    -8.6  K1III      
  3441    11.0    -7.5   117.4   -70.3  -112.1  G0         
  3445    11.0    70.8   122.3     8.0    -3.0  K0         
  3451    11.0   -74.3   303.6   -42.8    25.0  F8V        
  3454    11.0    46.2   121.6   -16.6     9.0  F5         
  3455    11.0   -10.6   116.7   -73.4     0.6  K0IIIvar   
  3456    11.1   -38.4   310.1   -78.6    26.5  K1III      
  3461    11.1    40.7   121.5   -22.2   -55.9  M...       
  3471    11.1   -49.7   305.9   -67.4    12.0  A0V        
  3478    11.1    47.9   121.7   -15.0   -60.0  B5V...     
  3479    11.1   -26.5    54.0   -88.3    55.4  G5V        
  3493    11.2   -18.9   111.7   -81.7    27.0  M2         
  3494    11.2    40.7   121.5   -22.2  -101.3  M2e        
  3497    11.2   -65.6   304.0   -51.5    97.7  G3V        
  3504    11.2    48.3   121.8   -14.6   -18.7  B5III      
  3505    11.2   -22.0   106.0   -84.7    11.9  F0V        
  3521    11.2   -42.7   307.4   -74.4    10.0  A7V        
  3527    11.2   -53.7   305.1   -63.4    14.4  F7III      
  3533    11.3    75.9   122.5    13.1    -8.4  G5         
  3535    11.3     1.8   119.7   -61.0     6.4  K2V        
  3541    11.3    23.6   121.1   -39.3    18.0  B8         
  3544    11.3    55.2   122.1    -7.6    -8.5  A2Vs       
  3545    11.3    15.2   120.7   -47.7   -14.0  F3IV...    
  3546    11.3    28.0   121.3   -34.9   -17.1  K2III...   
  3552    11.4    -4.6   119.0   -67.4     7.0  M0III      
  3554    11.4    -9.5   118.1   -72.4   -67.0  G0         
  3559    11.4   -12.9   117.1   -75.7   -12.8  G2V        
  3572    11.4    75.0   122.6    12.1     8.9  A2IV       
  3583    11.4   -47.6   305.7   -69.6   -11.4  G5IV       
  3584    11.4    56.8   122.2    -6.1   -25.0  F2Iab:     
  3585    11.4    26.2   121.3   -36.7   -19.0  K5II       
  3588    11.5   -41.9   307.0   -75.2   -22.6  K5V...     
  3589    11.5    55.0   122.1    -7.9   -17.0  F8V        
  3603    11.5   -44.1   306.2   -73.0     6.0  G5V        
  3607    11.5   -22.5   108.2   -85.2   -14.7  G8/K0III   
  3611    11.6    55.3   122.2    -7.6    -8.3  A2III      
  3617    11.6    30.9   121.7   -31.9    13.0  K1III      
  3620    11.6    31.0   121.7   -31.9   -28.3  K3III      
  3621    11.6    45.4   122.0   -17.4    10.0  A3         
  3632    11.6    15.5   121.2   -47.4   -27.3  M4III      
  3641    11.7    69.3   122.5     6.5   -14.0  F3V        
  3645    11.7    -4.4   119.9   -67.3    27.0  G5         
  3649    11.7    59.6   122.3    -3.3   -14.9  G0Ib       
  3662    11.7    46.4   122.1   -16.5     0.7  G5         
  3675    11.8    12.0   121.2   -50.9    -0.8  G8II       
  3679    11.8   -72.8   303.4   -44.3    -8.0  F3Vp...    
  3690    11.8    47.8   122.2   -15.1   -60.0  B1.5Vn...  
  3693    11.8    24.3   121.7   -38.6   -23.9  K1II       
  3697    11.8     6.7   121.1   -56.1    14.3  G8III      
  3704    11.9   -36.9   307.5   -80.2   -26.0  F7/F8V     
  3708    11.9    -2.3   120.7   -65.2    20.0  M1III      
  3717    11.9   -18.1   117.3   -80.9     1.6  K3III      
  3719    11.9    26.3   121.9   -36.6    -5.5  K0III      
  3720    11.9    27.1   121.9   -35.8   -29.2  K2III      
  3721    11.9    74.8   122.7    12.0    -3.1  B8III      
  3730    12.0    20.9   121.8   -41.9     1.0  F8V        
  3733    12.0   -29.3   321.9   -87.7     9.8  F0IV       
  3736    12.0    51.4   122.4   -11.4    -4.7  A0         
  3741    12.0   -21.7   114.6   -84.5    22.0  B9V        
  3750    12.0    72.7   122.7     9.8     1.3  K0IV       
  3760    12.1     7.3   121.6   -55.6    -0.7  G8III      
  3765    12.1     5.3   121.5   -57.6   -10.4  K2V        
  3781    12.1   -74.9   303.2   -42.2    -9.5  K5III      
  3786    12.2     7.6   121.7   -55.3    32.3  K5III      
  3801    12.2    51.0   122.5   -11.9     9.0  B9III      
  3802    12.2   -48.6   304.1   -68.5    19.7  F0V        
  3810    12.2    16.9   122.1   -45.9     4.1  F8V...     
  3819    12.3    58.4   122.6    -4.4   -27.0  B0         
  3820    12.3   -42.6   304.6   -74.6    35.0  B8V        
  3829    12.3     5.4   121.9   -57.5   263.0  DG         
  3830    12.3    28.7   122.3   -34.2    -2.4  G8III      
  3833    12.3    57.1   122.6    -5.8   -36.0  M2III      
  3834    12.3   -24.1   113.4   -87.0    22.9  K0III      
  3849    12.4   -13.6   120.8   -76.4     3.5  K3III      
  3850    12.4   -23.2   116.3   -86.1     5.0  G8/K0V     
  3858    12.4   -23.4   116.4   -86.2    10.0  A3IV       
  3865    12.4    47.8   122.6   -15.1   -14.0  A2         
  3876    12.4    70.4   122.8     7.6   -28.5  K0         
  3881    12.5    41.1   122.6   -21.8   -25.4  B5V...     
  3884    12.5    30.5   122.5   -32.4  -162.8  G8IV       
  3886    12.5    60.1   122.7    -2.7   -42.0  F6:Ib...   
  3887    12.5    64.6   122.8     1.8   -49.0  B3Ia       
  3905    12.5    82.0   122.9    19.1    -6.7  G5         
  3909    12.5   -10.6   121.8   -73.5     7.7  F7IV-V     
  3914    12.6    28.4   122.6   -34.5    -9.5  K1III      
  3917    12.6    63.2   122.8     0.3   -50.0  A0Ib       
  3919    12.6    45.0   122.7   -17.9     1.6  A0p...     
  3932    12.6    59.7   122.8    -3.2   -35.0  B5Ib       
  3934    12.6   -73.5   303.0   -43.7   154.0  A0Ia:      
  3945    12.7   -73.5   303.0   -43.7   158.0  B3Ia:      
  3946    12.7    25.6   122.7   -37.3   -11.7  G8III      
  3949    12.7   -51.0   303.2   -66.1    22.0  F2III      
  3951    12.7    64.2   122.8     1.4     3.2  A4V...     
  3964    12.7    78.0   122.9    15.1   -15.4  A5         
  3965    12.7    51.5   122.9   -11.4     2.3  F2IV       
  3988    12.8    61.8   122.9    -1.1    -6.0  K5Ib       
  3992    12.8     3.4   122.9   -59.5     5.5  K0III      
  3998    12.8    18.7   122.9   -44.1     7.9  K2         
  4006    12.9    63.8   122.9     0.9   -26.0  B5Ia       
  4008    12.9    62.9   122.9     0.1   -92.0  M6.5       
  4012    12.9    58.3   122.9    -4.6   -19.4  M2         
  4017    12.9    41.2   122.9   -21.6     4.0  A0         
  4020    12.9   -23.6   123.2   -86.4    23.3  K0III      
  4022    12.9   -22.9   123.3   -85.8    18.3  K5V        
  4023    12.9    51.6   122.9   -11.3   -13.7  B9.5V      
  4025    12.9    12.8   123.0   -50.1    -6.0  F0         
  4039    13.0    74.5   123.0    11.6    16.5  F5         
  4041    13.0    78.6   122.9    15.8     4.4  G5         
  4050    13.0    27.8   123.1   -35.1    26.4  K1III      
  4052    13.0   -31.0   301.4   -86.2     4.2  A9V        
  4062    13.0   -74.9   302.9   -42.3    44.0  G1/G2V     
  4064    13.0   -35.7   302.0   -81.4    -2.3  A0V        
  4068    13.0    -6.0   123.4   -68.9   135.0  F5         
  4072    13.1   -22.6   125.2   -85.5   -22.3  G0V        
  4075    13.1    60.1   123.0    -2.8   -21.0  B8V        
  4083    13.1    25.8   123.2   -37.1    12.9  K1III      
  4104    13.2   -24.0   128.1   -86.9    34.0  K1III      
  4105    13.2   -51.5   302.5   -65.6    -2.4  G3IV/V     
  4121    13.2    56.6   123.1    -6.2   -24.9  O5.5...    
  4126    13.2   -73.1   302.8   -44.0   139.0  A0Ia:      
  4129    13.2    38.5   123.2   -24.3    15.6  A2V        
  4144    13.2    39.0   123.3   -23.8   -11.1  F7IV       
  4147    13.3    -1.1   123.8   -64.0    15.8  M0III      
  4148    13.3   -30.4   296.9   -86.8    -7.0  K2V        
  4151    13.3    61.1   123.1    -1.8    20.7  F8V        
  4153    13.3   -72.6   302.8   -44.5   164.0  B6Ia       
  4155    13.3    57.2   123.2    -5.7    -9.0  B9         
  4157    13.3   -74.7   302.8   -42.5   -27.0  G3:V+...   
  4159    13.3    30.3   123.4   -32.5    21.6  K3III      
  4160    13.3   -17.7   125.4   -80.5    12.4  A6:m...    
  4165    13.3   -38.7   301.2   -78.4     4.3  F0V        
  4174    13.3    49.7   123.2   -13.2     6.0  B8         
  4181    13.4   -39.1   301.1   -78.1    20.7  F0IV/V     
  4182    13.4    60.7   123.2    -2.2    -4.0  A0V        
  4185    13.4    37.4   123.4   -25.5    -6.0  K3III:     
  4197    13.4    29.5   123.5   -33.4   -11.6  K0III      
  4200    13.4   -62.9   302.5   -54.3   -10.0  M4III      
  4205    13.4    43.4   123.4   -19.5   -10.0  G0         
  4208    13.4   -73.9   302.7   -43.3    39.0  F6IV/V     
  4212    13.4    52.7   123.3   -10.2    -1.1  A5m        
  4220    13.5    28.6   123.6   -34.3    14.0  K1III      
  4252    13.6    24.1   123.8   -38.8  -232.0  Rp...      
  4257    13.6    -8.7   125.2   -71.6    45.0  G5IV       
  4267    13.6    19.2   124.0   -43.7     8.5  A1Vn       
  4283    13.7    83.7   123.0    20.8    12.0  A4V        
  4284    13.7    58.6   123.4    -4.3   -40.7  Cevar...   
  4288    13.7    23.6   124.0   -39.2     0.4  K1IV       
  4291    13.7   -74.3   302.6   -42.8    22.0  K0IV       
  4292    13.8    59.0   123.4    -3.9   -22.9  K2III      
  4293    13.8   -69.5   302.5   -47.6     5.1  G7III      
  4295    13.8    61.7   123.4    -1.2    -8.5  B3V        
  4298    13.8    48.7   123.6   -14.2   -51.9  M2.5IIIa   
  4301    13.8    23.4   124.0   -39.5    -2.0  F5V        
  4317    13.8    24.6   124.0   -38.3   -10.0  M4III      
  4336    13.9     0.0   125.2   -62.8   -29.0  K4III      
  4346    13.9    -7.3   126.1   -70.2     1.9  K5III      
  4347    13.9   -27.9   252.0   -88.8     5.6  G8II       
  4353    14.0   -29.7   282.5   -87.3     9.5  K4III      
  4363    14.0   -27.8   246.2   -88.8    22.2  M1/M2III   
  4366    14.0    27.2   124.2   -35.7    -7.9  A5IV       
  4371    14.0   -11.3   127.0   -74.1   -25.8  K4III      
  4383    14.1    58.0   123.6    -4.9   -30.3  K3III      
  4384    14.1    61.3   123.5    -1.6    -2.0  B8II       
  4385    14.1    -7.6   126.5   -70.4     6.0  F6IV       
  4390    14.1    35.2   124.0   -27.6     7.0  A0         
  4396    14.1   -31.2   288.4   -85.8   -16.0  B9V        
  4410    14.1   -19.4   131.8   -82.2    26.8  A2IV/V     
  4415    14.1   -75.4   302.5   -41.7    18.0  B9IV/V     
  4422    14.2    59.2   123.6    -3.7   -47.6  G8III-IV   
  4424    14.2    28.8   124.3   -34.1     4.7  K0III      
  4427    14.2    60.7   123.6    -2.2    -6.8  B0IV:evar  
  4433    14.2    26.3   124.4   -36.5    -8.0  MIII       
  4436    14.2    38.5   124.1   -24.4     7.6  A5V        
  4437    14.2    60.0   123.6    -2.8     1.0  B9V        
  4438    14.2    59.7   123.6    -3.1     6.0  F2V        
  4440    14.2    60.4   123.6    -2.5    -5.0  B8V        
  4442    14.2   -25.4   157.6   -87.9    10.4  A2/A3V     
  4446    14.2    68.8   123.4     5.9    -8.4  F0m        
  4453    14.2     0.5   125.9   -62.4     9.0  F0         
  4454    14.3    69.0   123.4     6.2   -49.4  K4V        
  4456    14.3    61.6   123.6    -1.3   -14.0  A0         
  4457    14.3    34.9   124.3   -28.0   -33.0  F7V        
  4463    14.3    23.4   124.7   -39.4   -10.3  G8III-IV   
  4464    14.3     0.3   126.1   -62.5   -14.0  K0IIIp...  
  4465    14.3     1.4   126.0   -61.5     0.8  A3         
  4473    14.3   -62.2   301.7   -54.9    11.0  K7V        
  4475    14.3    61.4   123.6    -1.4    -9.4  G8IV       
  4476    14.3   -39.5   297.7   -77.5    14.1  A5V        
  4477    14.3    52.2   123.8   -10.6   -38.0  K2         
  4496    14.4   -19.0   133.2   -81.8    13.5  A2V        
  4501    14.4    45.8   124.1   -17.0     5.1  K2III      
  4510    14.5    29.0   124.6   -33.9    -0.5  G6III      
  4513    14.5   -70.5   302.1   -46.7    11.0  M3III      
  4517    14.5    29.5   124.6   -33.3    23.9  K3III      
  4520    14.5    13.7   125.3   -49.2    15.2  G8III      
  4524    14.5   -70.9   302.2   -46.2    46.0  F7V        
  4531    14.5    30.3   124.6   -32.5     7.2  G0IV       
  4532    14.5    56.4   123.8    -6.4   -54.0  B1II       
  4538    14.5    55.8   123.9    -7.0   -43.0  B1.5III-IVn
  4540    14.5   -15.7   131.0   -78.4    -2.1  A:+...     
  4552    14.6    34.0   124.5   -28.9   -17.3  K0         
  4555    14.6    45.6   124.2   -17.3   -18.5  A3         
  4556    14.6   -27.1   212.0   -88.5    -4.0  K2III      
  4558    14.6    21.4   125.1   -41.4    -6.0  A2V        
  4560    14.6   -48.6   299.8   -68.5     9.1  A1V        
  4563    14.6   -60.7   301.4   -56.4     7.2  Am         
  4567    14.6    63.7   123.7     0.9   -51.0  B1.5Ib     
  4571    14.6    26.8   124.9   -36.1   -22.4  K5III      
  4572    14.6    66.4   123.6     3.5   -10.3  A0III      
  4577    14.7   -29.4   268.0   -87.3    10.3  B7IIIp     
  4584    14.7    47.0   124.2   -15.8   -12.9  A0         
  4586    14.7   -19.6   135.9   -82.3    28.8  M1III      
  4587    14.7   -11.4   129.5   -74.2   -18.6  G7III      
  4603    14.8   -29.4   267.1   -87.2    11.4  A4V        
  4608    14.8    27.7   125.0   -35.2    -8.8  K3III      
  4622    14.8   -73.7   302.2   -43.4    38.0  F6V        
  4624    14.8     0.8   127.2   -62.0  -103.6  K5II-III   
  4628    14.9   -34.6   290.6   -82.3     8.5  G8p...     
  4650    14.9    62.3   123.9    -0.6   -13.0  F7V        
  4655    15.0     6.5   126.7   -56.3   -15.0  M2III      
  4672    15.0    48.0   124.4   -14.8    -8.0  B8         
  4674    15.0    60.5   124.0    -2.3    15.1  G8II       
  4675    15.0    44.7   124.5   -18.1     1.0  B9.5Vn     
  4683    15.0    51.4   124.3   -11.5   -23.0  B5         
  4708    15.1     7.4   126.9   -55.5    -2.9  F5V        
  4709    15.1    71.0   123.7     8.1     6.0  A4IV       
  4710    15.1    37.8   124.9   -25.0     7.0  A0         
  4713    15.1    58.4   124.1    -4.5    -3.8  A3         
  4717    15.1    60.4   124.1    -2.4   -10.6  Am         
  4725    15.2   -16.0   134.3   -78.6    28.8  F2.5:      
  4726    15.2    -1.7   128.3   -64.4    18.0  M4III      
  4744    15.2    50.9   124.5   -12.0    -5.0  B2.5Vn     
  4746    15.3   -70.2   301.7   -46.9   -49.0  K0         
  4749    15.3    29.0   125.5   -33.8    20.8  G8III      
  4755    15.3    60.4   124.1    -2.5    -9.0  F5IV       
  4768    15.3   -72.3   301.9   -44.8   120.0  A0Ia       
  4770    15.3   -38.9   293.6   -78.0   -31.1  K1III      
  4771    15.3    45.5   124.8   -17.4   -70.6  G8III-IV   
  4781    15.4    61.0   124.1    -1.8     5.0  F5V        
  4789    15.4    69.4   123.8     6.5     4.9  B9         
  4793    15.4   -71.5   301.8   -45.6    61.0  K1III      
  4809    15.4    25.3   125.9   -37.5    40.0  G8IV       
  4811    15.4    57.8   124.3    -5.0    -8.3  A2         
  4825    15.5     2.5   128.2   -60.2     1.0  F6V        
  4828    15.5    59.5   124.3    -3.3     5.0  F0III      
  4829    15.5   -57.0   300.0   -60.1    13.0  G8III      
  4832    15.5     7.9   127.5   -54.8    24.0  G5         
  4837    15.6   -31.6   276.0   -84.9    25.1  F6/F7V     
  4843    15.6    81.9   123.3    19.0     5.0  G8III      
  4844    15.6    51.0   124.7   -11.8     6.4  A3V        
  4845    15.6   -10.4   132.2   -73.1   -20.0  K7V        
  4849    15.6     5.1   128.1   -57.7    19.7  K2         
  4852    15.6   -31.6   275.1   -85.0    -6.9  A1/A2IV    
  4856    15.6    71.7   123.8     8.8     6.0  M3.5e      
  4861    15.6   -48.2   297.8   -68.8    18.0  A2V        
  4869    15.7   -77.6   302.1   -39.6    61.6  K2IICNp... 
  4871    15.7    59.3   124.4    -3.5   -24.0  K2V        
  4872    15.7    62.3   124.2    -0.5    -5.1  K5V...     
  4889    15.7    31.8   125.8   -31.0    10.4  B9.5V      
  4890    15.7   -46.4   297.0   -70.6    -1.4  G8III      
  4893    15.7    26.3   126.1   -36.5     9.0  F3V        
  4897    15.7    60.1   124.4    -2.7   -12.5  B8II       
  4900    15.7    47.0   125.0   -15.8    -4.0  M0         
  4901    15.7    30.0   125.9   -32.8   -26.5  K2III      
  4902    15.7    51.8   124.7   -11.0   -17.0  B5         
  4903    15.7    41.3   125.2   -21.5     4.4  A5m        
  4906    15.7     7.9   127.9   -54.9     7.6  K0III      
  4907    15.7    69.2   124.0     6.4   -20.7  G5         
  4910    15.7    59.7   124.4    -3.2    32.0  K3III      
  4911    15.8    47.4   125.0   -15.4     2.2  A9V        
  4914    15.8    -4.8   130.5   -67.5    15.3  K0III-IV   
  4919    15.8    47.9   125.0   -15.0    -2.0  B5         
  4924    15.8   -27.1   213.2   -87.4   -40.0  K5/M0III   
  4929    15.8    28.6   126.1   -34.2     7.2  K2         
  4930    15.8   -26.2   193.9   -87.2    53.1  G8IV       
  4932    15.8   -29.5   256.2   -86.5    56.4  G8IIICN... 
  4933    15.8   -27.9   229.6   -87.3    38.5  G:w...     
  4934    15.8   -60.1   300.2   -57.0    13.0  F5V        
  4935    15.8   -41.0   293.7   -75.9     4.0  M3III      
  4956    15.9    61.2   124.4    -1.6   -38.0  K5V        
  4961    15.9    58.9   124.5    -3.9   -24.3  K5         
  4962    15.9    61.1   124.4    -1.8    -0.9  F0II       
  4966    15.9    82.1   123.4    19.2   -50.7  G5         
  4979    16.0     1.4   129.4   -61.3     5.6  F1V        
  4983    16.0    47.6   125.1   -15.2   -55.0  B2IV-V     
  4991    16.0   -73.5   301.7   -43.6    18.0  K2/K3III   
  4993    16.0   -34.7   284.1   -82.0    -5.3  A2V        
  4995    16.0   -18.6   142.3   -81.0    16.9  B9V        
  4998    16.0    52.5   124.9   -10.3    -7.0  K2         
  5000    16.0    61.8   124.4    -1.0   -47.0  B1Ibp      
  5002    16.0    38.7   125.6   -24.1   -30.0  M3III      
  5004    16.0   -34.7   283.9   -82.0    40.1  G5IV       
  5007    16.0    26.6   126.4   -36.2    -9.0  G2V...     
  5013    16.1    57.1   124.7    -5.7    -1.3  G8II-III   
  5015    16.1    62.4   124.4    -0.4   -15.0  B8II       
  5021    16.1    61.6   124.5    -1.2   -16.1  F6V        
  5026    16.1   -47.9   296.9   -69.0    10.9  M1III      
  5027    16.1   -25.6   186.0   -86.7     2.8  K4/K5V     
  5031    16.1    -2.4   130.6   -65.0   -17.5  G5         
  5038    16.1   -70.5   301.4   -46.5     1.0  M2/M3III   
  5045    16.2    40.0   125.7   -22.8    11.0  F0Vn       
  5046    16.2   -30.5   263.0   -85.6    -0.2  F6V        
  5054    16.2   -39.5   291.2   -77.3    22.4  G3IV       
  5062    16.2    51.0   125.1   -11.8    -3.4  B3V        
  5074    16.2     5.7   129.1   -57.0   -15.0  K5III      
  5081    16.3    14.9   127.8   -47.8     4.0  F4II-III   
  5082    16.3   -71.7   301.4   -45.3     6.6  K3III      
  5086    16.3    11.3   128.3   -51.4     9.0  F5V        
  5093    16.3   -19.9   147.1   -82.1    -4.0  A2/A3m...  
  5096    16.3   -38.8   289.9   -78.0     3.0  A9V        
  5110    16.4    15.4   127.9   -47.3    -2.9  K2V        
  5121    16.4   -10.0   134.6   -72.5    12.3  K0III      
  5122    16.4    87.3   123.1    24.5    15.6  G5         
  5131    16.4    21.5   127.3   -41.3    -3.9  A1Vn       
  5132    16.4    21.5   127.3   -41.3    -7.2  A0Vn       
  5138    16.5    61.8   124.6    -1.1   -58.5  F9         
  5139    16.5    60.8   124.7    -2.0    -3.0  A3V        
  5140    16.5   -26.3   199.4   -86.7    45.5  G0V        
  5141    16.5     4.9   129.7   -57.8    -7.4  F4V...     
  5143    16.5   -21.6   154.2   -83.5    16.1  A9V        
  5144    16.5     4.9   129.7   -57.8   -10.0  F6V        
  5147    16.5    66.0   124.4     3.1    -7.8  B8         
  5150    16.5   -26.7   206.7   -86.8    -0.3  Ap...      
  5156    16.5   -31.9   269.9   -84.3     4.5  K0III      
  5161    16.5    57.8   124.9    -5.1   -24.0  B3III      
  5165    16.5   -46.7   295.5   -70.2    -1.1  G8IIIvar   
  5170    16.5   -24.0   170.3   -85.4    31.0  K1III      
  5175    16.5    32.2   126.6   -30.6    27.5  K0         
  5181    16.6    -0.3   131.1   -62.9    -1.0  F4IV       
  5183    16.6   -34.8   281.3   -81.7   -13.5  G2V        
  5186    16.6    62.8   124.6    -0.1     6.4  A5Vn       
  5193    16.6   -35.7   283.3   -80.9    17.9  A1V        
  5194    16.6   -29.0   243.7   -86.2     8.0  sdF6       
  5204    16.6    13.0   128.6   -49.8     7.5  G8III      
  5212    16.7    29.7   126.9   -33.1    -4.0  K1III      
  5224    16.7   -51.0   297.0   -66.0     8.7  K1V        
  5232    16.7    59.9   124.9    -3.0    -2.0  A2V...     
  5233    16.7    70.9   124.2     8.1    -6.0  A2         
  5240    16.8    56.9   125.1    -5.9   -95.5  K2III...   
  5241    16.8   -29.6   249.8   -85.8    31.0  A9V        
  5242    16.8   -71.8   301.2   -45.3  -121.0  G5         
  5247    16.8    63.9   124.7     1.1    -1.7  K7V        
  5251    16.8    53.5   125.3    -9.3     6.8  K0         
  5253    16.8    -1.7   132.0   -64.3    -6.3  F5+...     
  5259    16.8   -24.0   172.4   -85.3    15.4  A3III      
  5267    16.8   -72.5   301.2   -44.6   170.0  B8Iab:e    
  5268    16.8   -61.8   299.6   -55.2    -7.8  G5III      
  5270    16.8    38.0   126.4   -24.7    -5.0  B9         
  5284    16.9   -29.3   245.1   -85.8     1.0  F0V        
  5286    16.9    23.0   127.8   -39.8    -3.4  K4V        
  5287    16.9   -27.7   223.2   -86.4    -0.6  G8III      
  5296    16.9    -9.8   136.2   -72.2    21.9  F7IV       
  5300    16.9   -41.5   290.8   -75.2    14.0  A3V        
  5303    17.0    46.8   125.8   -15.9   -26.0  K2p...     
  5307    17.0    62.3   124.8    -0.5    11.0  B8III      
  5310    17.0    20.7   128.1   -42.0    -6.8  A3V        
  5313    17.0    39.3   126.4   -23.5     6.0  G1V        
  5315    17.0     2.0   131.4   -60.6   -95.4  K0IV       
  5316    17.0    60.6   125.0    -2.2    25.0  B5II       
  5317    17.0    43.9   126.1   -18.8     8.5  A3m        
  5319    17.0    32.0   127.0   -30.7    14.0  F5IV       
  5321    17.0   -61.9   299.5   -55.2    12.4  A5III      
  5336    17.1    54.9   125.4    -7.9   -97.2  G5Vp       
  5341    17.1    60.1   125.0    -2.7    19.0  K0III      
  5346    17.1     5.6   130.7   -57.0     7.1  F0III-IV   
  5348    17.1   -55.2   297.8   -61.7    15.4  B6V+...    
  5361    17.1    58.3   125.2    -4.5    -4.0  B8V        
  5364    17.1   -10.2   137.2   -72.6    11.5  K2III      
  5367    17.2   -71.8   301.0   -45.2     6.0  G5w...     
  5368    17.2   -17.1   145.4   -79.2   -13.0  M3III      
  5369    17.2    17.2   128.8   -45.4   -36.0  K6         
  5371    17.2   -34.3   276.7   -81.9    10.7  F0V        
  5372    17.2    86.3   123.2    23.4     8.5  K2II-III   
  5383    17.2   -29.6   247.0   -85.4    27.0  F5V        
  5391    17.3    61.5   125.0    -1.3  -102.0  B1V...     
  5397    17.3   -72.5   301.1   -44.5   234.0  B2.5Iab:   
  5399    17.3   -33.6   273.6   -82.5   -10.7  G0V        
  5412    17.3    80.0   123.7    17.2   -27.4  K0         
  5414    17.3    69.7   124.5     6.9    -5.0  B0.5III    
  5428    17.3   -56.6   297.9   -60.4    12.6  F5IV       
  5434    17.4    47.2   126.1   -15.5    -0.3  B7III      
  5437    17.4   -40.1   288.0   -76.5    15.0  A2V        
  5438    17.4   -46.3   293.5   -70.5    -6.0  G3V        
  5444    17.4    23.8   128.3   -38.9   -21.1  F0         
  5445    17.4    61.5   125.1    -1.2  -321.4  F8V        
  5447    17.4    35.6   127.1   -27.1     0.3  M0IIIvar   
  5453    17.4    34.6   127.2   -28.1     8.0  F5IV       
  5454    17.5    19.7   128.9   -43.0    -8.0  G0III      
  5458    17.5    54.7   125.6    -8.0  -245.0  G8III      
  5476    17.5    51.7   125.9   -11.0   -19.1  F8         
  5480    17.5    51.7   125.9   -11.0   -29.3  F8         
  5482    17.5    61.8   125.1    -1.0   -24.0  B9III      
  5483    17.5    15.7   129.6   -47.0    -2.5  M0III      
  5485    17.5    -8.9   137.5   -71.2   -20.4  K0III      
  5489    17.6   -10.4   138.6   -72.7    43.8  G0         
  5493    17.6    42.1   126.7   -20.6   -10.6  F8V        
  5494    17.6    25.5   128.3   -37.2     4.5  K5III      
  5496    17.6   -67.4   300.1   -49.6   -15.0  K          
  5510    17.6     2.4   132.5   -60.1    -2.6  K4III      
  5518    17.7    68.8   124.7     6.0     4.7  A0Vnn      
  5519    17.7   -49.6   294.9   -67.2     8.0  A3III      
  5523    17.7    59.6   125.4    -3.2   -14.0  F5V        
  5531    17.7    67.8   124.8     5.0    -9.5  G0         
  5541    17.8    16.8   129.7   -45.8   -17.5  K2         
  5542    17.8    55.1   125.8    -7.6     7.5  A7Vvar     
  5544    17.8    31.4   127.8   -31.3    -1.7  F0V        
  5550    17.8    37.7   127.2   -25.0    -1.4  B7III-IV   
  5552    17.8    -1.3   134.1   -63.7    15.1  F2         
  5557    17.8    14.7   130.1   -47.9    16.3  K0         
  5559    17.8   -13.5   142.7   -75.6     9.0  M3III      
  5565    17.8   -70.3   300.5   -46.7   -17.0  F6V        
  5566    17.9    64.2   125.1     1.4    -9.9  B9.5V      
  5569    17.9    57.6   125.6    -5.2   -59.0  B5         
  5571    17.9    21.0   129.2   -41.6    15.8  K0III      
  5580    17.9   -30.6   252.1   -84.4    10.0  K2III      
  5586    17.9    30.1   128.1   -32.6    29.8  K0III-IV...
  5589    17.9    65.0   125.1     2.2    -2.0  B9IV       
  5594    17.9    -2.3   134.8   -64.7    -8.9  K4III      
  5609    18.0    58.3   125.6    -4.5   -15.0  B5         
  5626    18.1    79.7   123.9    16.8    10.0  A3V        
  5636    18.1   -30.8   252.9   -84.1    19.0  F5IV       
  5643    18.1   -17.0   149.7   -78.8    28.0  M5.5Ve     
  5646    18.1     2.5   133.5   -60.0     3.2  F8         
  5649    18.1    61.9   125.4    -0.9   -42.0  B3Ib       
  5650    18.1    45.3   126.8   -17.4    21.5  M1III      
  5653    18.2    60.3   125.6    -2.5   -66.0  B8Ib       
  5658    18.2    61.2   125.5    -1.5   -51.0  F9         
  5661    18.2   -37.9   281.6   -78.4    10.0  A9IV:+...  
  5666    18.2    -6.8   137.9   -69.0   -11.4  G5         
  5669    18.2    32.1   128.2   -30.6     1.7  A2         
  5671    18.2    32.1   128.2   -30.6    -4.0  A0V        
  5675    18.2   -35.7   276.3   -80.2    -0.8  A0V        
  5677    18.2    47.2   126.7   -15.5   -21.0  G6III      
  5679    18.2    30.1   128.5   -32.6    35.6  G1V...     
  5688    18.3    61.7   125.5    -1.1    -4.3  B9V        
  5694    18.3    34.1   128.1   -28.5     1.0  B8         
  5697    18.3    -1.9   135.6   -64.2    -9.9  G0         
  5714    18.4   -73.3   300.8   -43.7   120.0  A0Ia0      
  5717    18.4    29.7   128.6   -32.9   -11.5  G8III-IV   
  5722    18.4    26.5   129.1   -36.2    15.9  K2III      
  5737    18.4     7.6   132.6   -54.9    15.0  A7IV       
  5739    18.4   -31.1   253.6   -83.7     3.1  G8III/IV   
  5742    18.4    24.6   129.4   -38.0     5.9  K0III...   
  5743    18.4     7.6   132.6   -54.9    10.9  F7V        
  5744    18.4    26.2   129.1   -36.4   -46.0  K5III...   
  5746    18.4    27.1   129.0   -35.5    27.0  M0         
  5755    18.5    59.1   125.8    -3.7    -1.0  B8V        
  5763    18.5    16.5   130.7   -46.0    26.3  K5         
  5768    18.5    60.9   125.7    -1.9    -3.8  B1V...     
  5772    18.5    28.5   128.9   -34.1     2.0  M2S...     
  5775    18.5   -16.4   150.2   -78.1    81.4  G8V        
  5777    18.5    25.8   129.3   -36.8   -21.0  G0V        
  5778    18.5    16.1   130.8   -46.4   -15.5  B8III      
  5794    18.6   -50.4   293.8   -66.3    -4.0  K1III      
  5799    18.6    -7.9   139.8   -70.0    22.0  F5V        
  5803    18.6    24.4   129.6   -38.2  -115.0  A9.5       
  5824    18.7     7.0   133.1   -55.4    -9.0  G6III:     
  5829    18.7    60.9   125.8    -1.8    15.0  F7IV       
  5833    18.7    -1.0   136.0   -63.2    25.5  F5V        
  5841    18.7    59.8   125.9    -3.0    -2.0  F0III      
  5846    18.8    65.6   125.4     2.8   -41.0  F8         
  5856    18.8    14.7   131.5   -47.8    12.0  F4V        
  5862    18.8   -45.5   290.1   -71.0    11.6  F8V        
  5863    18.8    60.9   125.8    -1.9   -11.0  B8II       
  5869    18.8   -28.3   226.4   -84.6    23.0  K0IV       
  5882    18.9    60.5   125.9    -2.2   -73.9  G8III      
  5890    18.9    59.3   126.0    -3.4   -18.0  A2V        
  5896    18.9   -68.9   299.6   -48.1     9.2  F6IV       
  5907    19.0   -24.0   184.5   -83.7    -0.6  A9IV       
  5909    19.0    16.2   131.5   -46.3    12.0  A2III      
  5913    19.0    61.9   125.8    -0.8    -6.0  F0V        
  5914    19.0    25.8   129.9   -36.8    18.0  N...       
  5916    19.0   -34.1   267.4   -81.2    11.3  A5p        
  5922    19.0    13.7   132.1   -48.7   -19.9  K0         
  5925    19.0    17.6   131.3   -44.8    10.9  K2         
  5926    19.0    71.7   124.9     9.0   -17.0  K1V        
  5928    19.1    87.1   123.3    24.3    -5.3  K2III:     
  5930    19.1    16.8   131.4   -45.6   -34.3  K2V        
  5932    19.1    16.2   131.6   -46.3   -11.0  F8V        
  5933    19.1    -7.1   140.5   -69.2     9.7  G0...      
  5936    19.1    33.1   128.9   -29.5     5.8  K1III      
  5939    19.1    48.1   127.2   -14.6   -13.6  B9IIIsp... 
  5947    19.1    79.9   124.1    17.1   -42.6  F5Vs       
  5951    19.2    -2.5   137.8   -64.7   -20.0  G5III-IVe  
  5974    19.2   -31.4   252.2   -83.0    -2.0  K0III      
  5985    19.2    -2.3   137.8   -64.4     8.5  F8         
  5988    19.3   -42.5   285.9   -73.7    42.0  B8.5V      
  5993    19.3    44.9   127.7   -17.7   -51.5  K5         
  6002    19.3    60.3   126.1    -2.4   -15.0  A0V        
  6025    19.4    31.7   129.4   -30.8   -33.7  K0         
  6027    19.4    57.6   126.4    -5.1   -10.0  B2IIIne+...
  6029    19.4    39.0   128.4   -23.6   -25.0  F2         
  6031    19.4    16.4   131.9   -46.1    10.0  F6V        
  6036    19.4    14.2   132.4   -48.2    16.1  K0IV       
  6050    19.4    13.6   132.7   -48.8    -1.4  K0         
  6061    19.4     3.6   135.6   -58.6     5.3  A3V        
  6064    19.5    55.4   126.7    -7.2    -8.9  B1V        
  6082    19.5   -34.1   265.3   -80.9     3.2  A9IV       
  6087    19.5    47.4   127.6   -15.2    -1.3  K0         
  6095    19.6   -33.1   260.6   -81.7    -0.1  G8III      
  6099    19.6    67.8   125.5     5.1    20.1  A0         
  6106    19.6    18.6   131.8   -43.8    -6.2  G5         
  6108    19.6   -23.0   180.4   -82.6    11.1  A9V        
  6109    19.6    61.9   126.1    -0.8   -18.0  B5II       
  6115    19.6   -67.9   299.1   -49.0   130.0  A9.5:      
  6116    19.6   -28.7   229.5   -83.8     8.6  K0IV       
  6119    19.6   -30.2   241.7   -83.3    19.0  K1III      
  6123    19.7   -27.5   218.2   -83.9    -3.0  G8III      
  6130    19.7    -0.9   138.0   -62.9    13.2  K1V        
  6132    19.7   -73.4   300.2   -43.6    52.0  G0/G1IV/V  
  6135    19.7   -13.4   149.2   -74.9    14.0  K2III      
  6140    19.7    37.4   128.9   -25.2     5.0  A5m        
  6143    19.7    15.5   132.6   -46.9   -11.0  F8IV       
  6159    19.8    -8.9   143.9   -70.7    -4.4  G2V        
  6170    19.8    58.2   126.6    -4.4   -37.0  B6Ve       
  6174    19.8    62.4   126.1    -0.3   -20.0  B3+...     
  6175    19.8    76.8   124.6    14.0   -77.7  K2         
  6178    19.8    61.7   126.2    -1.0   -12.0  F3V        
  6186    19.8   -23.1   182.0   -82.5    15.2  F0V        
  6187    19.9    18.1   132.2   -44.2   -38.8  K0         
  6190    19.9    14.8   133.0   -47.5    -1.1  K0IV       
  6191    19.9    56.3   126.8    -6.3     5.0  M6III      
  6193    19.9    27.3   130.6   -35.2     5.8  A3V        
  6226    20.0    -0.5   138.4   -62.5    14.0  A7V...     
  6229    20.0    58.2   126.7    -4.5   -29.0  B6Ib       
  6231    20.0    58.3   126.7    -4.4   -33.3  M2Ib       
  6242    20.0    58.2   126.7    -4.4   -24.4  F0Ia       
  6257    20.1   -36.2   270.8   -79.0     5.0  A0V        
  6261    20.1    77.6   124.5    14.8   -73.8  G5III...   
  6262    20.1   -48.7   290.3   -67.7    20.7  F6V        
  6267    20.1   -29.0   230.8   -83.3    16.3  K0III      
  6269    20.1   -29.6   235.8   -83.2    -5.1  F0V        
  6271    20.1   -57.3   295.2   -59.3   -20.1  F7V        
  6272    20.1   -11.2   147.6   -72.7   -10.6  K1III      
  6283    20.1    -3.2   140.4   -65.1    -3.0  K1III      
  6288    20.2   -13.9   151.6   -75.1     8.1  K0III      
  6289    20.2    15.7   133.2   -46.6     9.8  G8IV       
  6290    20.2    57.3   126.9    -5.3    22.0  K6V:       
  6301    20.2    21.7   131.9   -40.6     5.0  A9         
  6312    20.3    64.7   126.1     2.0   -14.0  A2Vnn      
  6315    20.3    28.7   130.8   -33.7   -35.6  K5III      
  6325    20.3    85.1   123.6    22.3   -10.0  M0IIIvar   
  6328    20.3   -73.0   299.9   -43.9   -16.0  K0III      
  6339    20.4    31.3   130.4   -31.1    20.2  K2V        
  6344    20.4    80.2   124.3    17.4   -14.0  K8         
  6373    20.5    16.4   133.4   -45.9    33.0  F4V        
  6378    20.5    76.2   124.8    13.5   -15.5  F0IVn      
  6379    20.5    76.7   124.7    13.9   -22.7  K0         
  6380    20.5    15.2   133.8   -47.0    10.4  G1III      
  6384    20.5    15.8   133.6   -46.4     3.5  F8V        
  6401    20.6    43.6   128.8   -18.9    17.0  B5         
  6402    20.6    14.3   134.1   -47.9    -1.8  G8II       
  6405    20.6    18.7   133.0   -43.6     2.4  G3V        
  6411    20.6    45.5   128.6   -17.0   -11.7  K0III-IV   
  6413    20.6    16.8   133.5   -45.4   -14.0  K1IV       
  6418    20.6   -43.6   284.1   -72.4     4.2  F0IV       
  6429    20.6    -0.4   139.9   -62.3    14.4  K0III:     
  6431    20.7    12.8   134.7   -49.4    10.0  K5...      
  6432    20.7     1.7   138.8   -60.2   -15.7  M0III      
  6434    20.7    26.6   131.5   -35.8   -22.6  K1III      
  6435    20.7    56.6   127.2    -6.0   -57.0  B3         
  6439    20.7    17.2   133.5   -45.0   -19.0  F5V        
  6443    20.7   -21.4   176.0   -80.9    16.0  Fm...      
  6456    20.8   -13.0   152.1   -74.0    30.6  K0IV       
  6464    20.8    16.3   133.9   -45.9    -1.0  K2III      
  6481    20.8    45.3   128.8   -17.2     4.0  B9         
  6486    20.8    58.1   127.2    -4.5     7.0  F4V        
  6487    20.8   -17.9   163.3   -78.2     0.4  M2III      
  6492    20.9    20.5   133.0   -41.8   -11.3  K5         
  6502    20.9   -30.9   243.4   -82.0   -16.0  M0III      
  6505    20.9   -35.3   265.0   -79.3   -12.0  A0V        
  6507    20.9   -24.4   193.7   -82.2    -1.4  A9V        
  6512    20.9    34.2   130.5   -28.1     2.8  G8IV       
  6514    20.9    37.7   129.9   -24.7    13.0  A1m        
  6522    20.9    78.7   124.6    16.0   -75.3  A0Iab      
  6527    21.0    17.8   133.8   -44.4   -15.2  F0         
  6535    21.0    15.3   134.4   -46.8    -6.1  G8V        
  6537    21.0    -8.2   146.6   -69.5    17.2  K0III      
  6560    21.1    43.1   129.3   -19.3     8.9  A2p...     
  6564    21.1    -6.9   145.6   -68.3    31.8  F4V        
  6568    21.1    36.9   130.2   -25.5    14.1  B9         
  6581    21.1   -25.3   201.1   -82.4     3.0  A4IV       
  6589    21.2   -15.7   158.6   -76.2    15.8  G8III/IV   
  6592    21.2   -41.5   279.6   -74.1    73.7  K0III      
  6605    21.2    -2.8   142.6   -64.4   -26.8  G8III      
  6607    21.2   -27.8   220.3   -82.6    87.2  G6Vw...    
  6609    21.2   -42.8   281.6   -72.9    10.0  M6III      
  6613    21.2    18.5   133.9   -43.7     8.2  K0         
  6617    21.2    47.2   128.8   -15.3   -28.0  G5II       
  6624    21.3    -5.9   145.1   -67.4    15.5  A0         
  6631    21.3   -64.4   297.0   -52.4    23.0  M0III      
  6640    21.3    23.0   133.0   -39.2    -5.8  F5V        
  6649    21.3    16.3   134.6   -45.8    -6.1  K5III      
  6659    21.4   -28.8   227.3   -82.3   -15.0  A3V        
  6660    21.4    12.2   135.9   -49.9   -35.2  K8         
  6664    21.4   -26.5   209.8   -82.4   -16.2  A8V        
  6665    21.4    63.6   126.7     1.0   -22.0  F4V        
  6669    21.4    23.5   133.0   -38.7   -16.0  F5III      
  6670    21.4   -14.6   157.1   -75.2   -23.1  K2III      
  6672    21.4   -38.2   272.1   -76.8     6.0  A3V        
  6680    21.4    47.1   129.0   -15.4   -10.0  G4III      
  6685    21.4    71.0   125.8     8.3    10.9  A0Vnn      
  6686    21.5    60.2   127.2    -2.3     6.7  A5V...     
  6692    21.5    68.1   126.2     5.5   -11.5  K0III      
  6702    21.5    34.6   131.0   -27.8    16.9  F7V        
  6706    21.6    19.2   134.2   -42.9    -8.5  F2V:var    
  6710    21.6    17.1   134.7   -44.9  -110.3  G5         
  6711    21.6    43.5   129.6   -19.0    30.6  F7V        
  6717    21.6    -0.4   141.8   -62.0    -5.0  K0IV       
  6718    21.6    77.7   124.9    14.9   -10.5  F5         
  6722    21.6    18.2   134.5   -43.9    21.7  K0         
  6724    21.6    14.0   135.7   -48.0    -1.5  K2         
  6726    21.6   -65.8   297.2   -51.0   338.3  A0         
  6732    21.7    19.2   134.3   -42.8   -41.7  K1III      
  6733    21.7    43.7   129.6   -18.7     7.1  F2         
  6736    21.7    27.2   132.5   -35.0    -5.0  K0III      
  6748    21.7   -13.1   155.2   -73.7    10.4  F0V        
  6751    21.7     3.5   139.9   -58.2    20.3  B9V        
  6754    21.7    27.5   132.5   -34.7    30.0  K3III      
  6759    21.7   -32.5   250.2   -80.6    -5.4  C          
  6773    21.8    25.4   133.0   -36.7   -16.9  K3II       
  6775    21.8    57.7   127.7    -4.8   -35.0  B3         
  6776    21.8    34.4   131.3   -27.9    14.5  F7IVsvar   
  6786    21.8    29.8   132.2   -32.5    -5.7  F6V        
  6790    21.8     0.1   142.0   -61.5    22.9  F3V        
  6793    21.9    60.3   127.4    -2.3   -42.0  B3Ia       
  6794    21.9    41.1   130.2   -21.3     1.3  Am...      
  6801    21.9    30.5   132.1   -31.7    -8.1  F0         
  6803    21.9    16.8   135.2   -45.2   -50.0  K2         
  6806    21.9   -46.2   284.7   -69.7     8.1  A2V        
  6813    21.9    45.4   129.6   -17.0    10.8  F5IV       
  6815    21.9     5.4   139.4   -56.4   -14.6  G0V        
  6820    21.9    62.8   127.1     0.2   -23.0  B9V        
  6822    21.9   -10.9   152.4   -71.7     3.9  K0         
  6823    21.9    40.3   130.4   -22.0    -7.5  A0III      
  6831    22.0    59.2   127.6    -3.3   -37.0  B1V        
  6837    22.0    16.0   135.6   -46.0   -40.9  K0III      
  6841    22.0    61.3   127.3    -1.2   -29.0  B9V        
  6844    22.0    63.3   127.0     0.7   -38.0  O9.5IV     
  6857    22.0   -18.1   167.9   -77.6    -3.0  A3III      
  6858    22.1    44.0   129.9   -18.3    -2.0  B9         
  6860    22.1    14.5   136.2   -47.4     7.0  G5         
  6862    22.1    30.6   132.3   -31.6   -16.0  F5         
  6864    22.1    42.8   130.1   -19.6   -17.0  G7III      
  6866    22.1   -31.5   243.6   -80.8     9.5  F2III/IV   
  6867    22.1   -43.3   280.5   -72.2    25.8  K5II-III   
  6868    22.1     8.0   138.5   -53.8     1.6  K1IIIvar   
  6869    22.1    17.1   135.4   -44.9     8.5  F8IV-V     
  6872    22.1    37.1   131.1   -25.2   -21.5  B9         
  6888    22.2   -33.8   254.8   -79.6    -4.5  A9/F0V     
  6897    22.2   -24.8   199.5   -81.3     5.6  A8V        
  6899    22.2   -36.8   266.1   -77.5     7.5  M2III      
  6914    22.3    74.2   125.5    11.5    23.9  G5         
  6915    22.3     7.3   139.1   -54.4    -8.0  F2         
  6917    22.3    21.7   134.4   -40.3    44.0  K2V        
  6948    22.4    30.9   132.5   -31.3     4.7  F5         
  6952    22.4   -46.8   284.5   -69.0    18.1  M3III      
  6960    22.4   -21.6   182.6   -79.7     2.2  A0V        
  6969    22.4    17.1   135.9   -44.8    29.3  G5         
  6978    22.5    31.0   132.6   -31.1    11.8  G5         
  6979    22.5    60.3   127.7    -2.3     1.0  B0.5V      
  6981    22.5    18.4   135.6   -43.6     4.2  A4IV       
  6998    22.5    30.2   132.8   -32.0   -19.6  M0         
  6999    22.5    47.0   129.8   -15.4   -11.3  K0III      
  7007    22.5     6.1   140.1   -55.4    35.4  K4III      
  7009    22.6   -73.2   299.1   -43.7    18.0  K1III      
  7013    22.6    59.8   127.8    -2.7    54.9  K3III      
  7016    22.6   -26.2   209.1   -81.2    -1.0  K2III      
  7027    22.6   -75.2   299.6   -41.6   125.0  G8/K0III   
  7040    22.7   -59.7   293.9   -56.8    -1.2  G0V        
  7042    22.7    15.0   136.9   -46.8   -44.5  M...       
  7045    22.7   -31.5   242.1   -80.4    22.0  K1III      
  7050    22.7    66.1   126.9     3.5    13.0  A2Vs       
  7058    22.7   -48.9   286.2   -66.9    32.0  K7         
  7065    22.8    59.7   127.9    -2.8   -26.0  B1.5III    
  7078    22.8    70.3   126.3     7.7     5.0  F6V        
  7083    22.8   -49.1   286.3   -66.8    -7.3  K0III-IV   
  7088    22.8    63.3   127.4     0.8   -37.7  B5Iab      
  7090    22.8    29.4   133.2   -32.7    14.1  G0V        
  7095    22.9    38.8   131.4   -23.4    11.0  B8         
  7097    22.9    15.3   137.0   -46.4    14.7  G8III      
  7100    22.9   -30.0   233.3   -80.8    12.3  G6/G8III   
  7103    22.9    59.8   128.0    -2.7   -24.0  B1V        
  7106    22.9   -59.6   293.7   -56.8     4.1  F5V        
  7108    22.9   -19.0   173.7   -77.7     4.5  A4m...     
  7115    22.9   -45.6   282.1   -69.9    15.0  A2V        
  7118    22.9   -30.3   235.0   -80.6     3.4  K0III      
  7123    22.9    30.6   133.1   -31.5    42.3  K0IIIvar   
  7132    23.0    46.4   130.2   -15.9   -30.0  A0IV       
  7143    23.0    16.9   136.7   -44.8    -4.5  G5         
  7145    23.0    54.0   128.9    -8.4   -51.2  B8         
  7147    23.0    34.8   132.3   -27.3    -0.7  B7IIIMNp...
  7148    23.0   -23.6   194.4   -80.2    -1.0  A8/A9IV/V  
  7149    23.0     1.3   143.5   -59.9   -84.0  F0         
  7161    23.1   -26.6   211.6   -80.9    20.0  A5V        
  7166    23.1    68.4   126.7     5.8   -13.9  K3III      
  7183    23.1   -49.5   286.2   -66.2    -9.5  G1/G2IV/V  
  7192    23.2    63.6   127.5     1.1   -28.0  G0Ib       
  7193    23.2    61.9   127.8    -0.6     3.0  B7V        
  7194    23.2   -22.4   188.5   -79.5    -2.0  A3II/IIIm..
  7202    23.2   -16.4   166.8   -75.6    10.0  A0V        
  7208    23.2   -21.1   182.6   -78.8    -2.2  M3III      
  7213    23.2   -36.9   263.5   -76.9    12.7  K1/K2III   
  7232    23.3    60.7   128.0    -1.8   -39.3  B5Ib       
  7234    23.3    43.9   130.9   -18.3   -35.0  A0p        
  7235    23.3   -24.2   197.9   -80.1     1.9  K0V        
  7245    23.3    29.3   133.8   -32.7    20.2  G5V        
  7247    23.3    55.8   128.8    -6.6    -7.2  K0         
  7251    23.4    58.3   128.4    -4.1    -0.6  K0Ib+...   
  7253    23.4    54.9   129.0    -7.4   -32.0  K3Ib       
  7255    23.4    23.6   135.2   -38.3   -13.0  G8II-III   
  7260    23.4    57.8   128.6    -4.7   -59.0  NV...      
  7261    23.4    62.5   127.8     0.1   -17.0  K0III      
  7269    23.4    30.4   133.6   -31.6    13.0  A3         
  7271    23.4   -78.5   300.3   -38.4    -1.0  G3IV       
  7276    23.4    -7.0   151.4   -67.5   -14.1  G2IV       
  7280    23.4    60.6   128.1    -1.8     1.0  F0V        
  7283    23.5    89.0   123.1    26.2   -10.0  A3V        
  7289    23.5    35.6   132.6   -26.5     1.3  M4III      
  7291    23.5    62.1   127.9    -0.3   -17.0  A2V        
  7294    23.5    59.2   128.4    -3.2     6.4  K0III      
  7299    23.5    46.0   130.6   -16.3    -8.0  B9V        
  7313    23.5    44.1   131.0   -18.1   -26.0  A1Vvar     
  7321    23.6    37.2   132.3   -24.9    -1.4  B9IV       
  7323    23.6   -27.4   216.8   -80.5    -9.0  A5V        
  7330    23.6   -28.2   222.1   -80.4    18.3  M0III      
  7337    23.6    34.7   132.9   -27.4   -28.7  G0         
  7338    23.6    78.1   125.2    15.4    -6.0  M0         
  7339    23.6    68.9   126.8     6.4   -30.5  G6V        
  7357    23.7     0.9   145.1   -60.0   -18.0  F8V        
  7359    23.7    18.5   137.1   -43.2   -26.1  M2III      
  7370    23.7    33.1   133.3   -28.9   -25.2  G0         
  7372    23.8   -29.9   231.7   -80.0    34.2  K3V        
  7374    23.8    29.1   134.3   -32.8   -20.1  K2II       
  7387    23.8   -58.1   292.0   -58.0     1.0  F2V        
  7400    23.9    63.1   127.9     0.6   -28.0  K1V        
  7401    23.9    56.0   129.1    -6.3     6.0  B9         
  7412    23.9    46.9   130.7   -15.3   -16.0  Am...      
  7413    23.9    72.4   126.3     9.9   -18.1  G5         
  7421    23.9    28.3   134.6   -33.6     7.7  K1III      
  7424    23.9   -39.8   269.9   -74.3    10.4  M1III      
  7436    23.9    14.7   138.7   -46.8   -10.1  B9.5III    
  7444    24.0    41.1   131.9   -21.0    65.2  K1III      
  7446    24.0   -17.5   172.1   -75.9     7.8  G6IV       
  7447    24.0    17.4   137.8   -44.2     1.8  F0IV       
  7449    24.0   -36.5   260.3   -76.7    43.1  M2III      
  7450    24.0   -15.4   166.6   -74.4    23.6  K1III      
  7453    24.0    58.2   128.8    -4.2   -28.0  B5         
  7457    24.0    47.1   130.8   -15.1   -10.0  B9         
  7459    24.0   -61.1   293.5   -55.2   226.8  G0         
  7463    24.0   -29.9   231.4   -79.8     5.0  F2V        
  7466    24.0   -37.3   262.9   -76.1    -4.0  A2m...     
  7493    24.1    48.7   130.5   -13.5   -43.2  K1III:     
  7497    24.2    61.3   128.3    -1.1     7.0  B8V        
  7511    24.2    48.3   130.7   -13.9    -6.0  F0         
  7512    24.2    63.4   128.0     1.0    -1.2  B8III      
  7513    24.2    41.4   132.0   -20.7   -28.3  F8V        
  7521    24.2    61.8   128.3    -0.6    -9.0  A0Iab      
  7535    24.3    12.1   140.2   -49.2    -0.4  F0V        
  7539    24.3   -29.4   228.3   -79.7    11.2  K1V        
  7541    24.3   -25.0   203.9   -79.5   -13.6  F3V        
  7548    24.3    57.8   129.0    -4.6   -62.5  G0.5       
  7550    24.3    46.5   131.1   -15.7   -28.6  F5V        
  7551    24.3    46.9   131.0   -15.2   -25.0  A3III      
  7552    24.3   -40.2   269.8   -73.9     6.0  Am         
  7557    24.3    74.3   126.1    11.7    -7.5  B9V        
  7559    24.3    58.6   128.9    -3.7   -10.0  B8         
  7564    24.4    25.2   135.9   -36.5   -55.0  K0IV       
  7566    24.4    58.6   128.9    -3.7   -13.8  K7         
  7568    24.4   -84.8   301.7   -32.2    17.8  K0III      
  7573    24.4   -47.1   281.6   -68.1    -2.8  F0III      
  7580    24.4    -9.4   156.7   -69.2    48.3  F7V        
  7583    24.4    22.6   136.7   -39.1    47.0  F6V...     
  7588    24.4   -57.2   290.8   -58.8    16.0  B3Vp       
  7600    24.5    25.9   135.8   -35.8    39.2  G8III      
  7601    24.5   -83.0   301.2   -34.0    -5.0  G2V        
  7607    24.5    48.6   130.8   -13.5    16.8  K3III      
  7617    24.5    58.0   129.1    -4.3    -8.1  G5II       
  7625    24.6    62.4   128.3     0.0   -20.0  B7V        
  7628    24.6   -47.9   282.3   -67.3   -13.9  F0IV       
  7636    24.6    29.6   135.0   -32.2    -2.9  K0IV-V     
  7639    24.6   -15.9   169.4   -74.3    28.0  K1IIICN... 
  7640    24.6    60.6   128.7    -1.8   -28.0  B2III      
  7643    24.6   -36.5   259.2   -76.3    29.7  K0III      
  7650    24.6    73.0   126.4    10.5    -4.0  G8II-IIIvar
  7651    24.6    45.4   131.5   -16.7    -0.6  B9pe...    
  7663    24.7    44.1   131.8   -17.9   -24.0  A9II       
  7668    24.7    46.3   131.4   -15.8   -14.0  K1II       
  7670    24.7    63.7   128.1     1.3   -47.0  K0V        
  7676    24.7   -25.0   204.4   -79.2    15.0  B9V        
  7679    24.7   -21.3   187.1   -77.7    14.0  F0V        
  7697    24.8    61.1   128.7    -1.3   -27.0  F5Iab      
  7702    24.8   -48.8   283.0   -66.5    10.4  A2V        
  7705    24.8    44.0   131.9   -18.0   -37.0  G8V        
  7707    24.8    51.8   130.4   -10.4   -32.0  B5         
  7708    24.8    27.8   135.7   -33.9   -36.2  K3III      
  7709    24.8    16.6   139.2   -44.7     4.0  G5         
  7710    24.8    14.3   140.1   -47.0    -2.9  K0         
  7711    24.8   -29.0   225.9   -79.3     4.5  F0III      
  7713    24.8    54.6   129.9    -7.6    -3.4  A0         
  7718    24.8   -17.8   175.2   -75.5    10.8  F0IV/V     
  7719    24.8    44.4   131.9   -17.6     6.6  G8III...   
  7720    24.8    60.4   128.8    -1.9   -32.0  B0.5III    
  7723    24.9    45.8   131.6   -16.2   -21.0  K0         
  7733    24.9    28.1   135.7   -33.6    54.6  G8V        
  7734    24.9    45.9   131.6   -16.2     5.7  G5IV       
  7740    24.9    16.4   139.4   -44.9    16.2  K2III      
  7744    24.9    65.2   128.0     2.8   -58.2  G5         
  7745    24.9    55.8   129.7    -6.4   -31.8  B8Iab      
  7755    25.0    60.9   128.8    -1.4   -13.0  M2III      
  7757    25.0   -22.9   194.6   -78.2    -8.0  M2III      
  7786    25.1    53.9   130.2    -8.3   -61.9  K5III      
  7790    25.1    54.8   130.0    -7.3   -15.0  F4IV       
  7818    25.1    40.6   132.9   -21.3   -13.9  B8III      
  7825    25.2    43.3   132.4   -18.7    17.4  A9IV:      
  7837    25.2    45.0   132.0   -17.0   -27.0  K0III      
  7845    25.2    64.2   128.3     1.8   -38.0  O9.5Ib     
  7857    25.3   -34.6   251.0   -77.0    22.0  A3IV/V     
  7865    25.3    28.5   136.0   -33.1    -3.0  K1III      
  7869    25.3   -67.7   295.8   -48.8    -0.2  sdG0       
  7873    25.3   -75.7   298.9   -41.1   -12.0  B3V        
  7874    25.3    25.7   136.8   -35.8     5.1  F2III      
  7884    25.4     5.5   145.1   -55.2     0.4  K3III      
  7886    25.4   -38.1   262.4   -74.8    11.3  F3/F5IV/V  
  7895    25.4    62.7   128.6     0.4    -1.0  G8V        
  7896    25.4   -45.4   277.6   -69.2    -4.5  G5V        
  7902    25.4    66.9   127.8     4.5    14.4  G5V        
  7906    25.4    30.0   135.7   -31.6     5.2  K0III      
  7908    25.4    46.8   131.8   -15.2    21.0  F0II       
  7916    25.4   -11.3   162.1   -70.3    -9.5  F5V+...    
  7918    25.4    42.6   132.7   -19.3     4.0  G2V        
  7921    25.4   -60.8   292.2   -55.3     2.0  K2/K3III   
  7924    25.5    45.2   132.2   -16.7   -10.0  G8V        
  7927    25.5    46.8   131.9   -15.2   -17.0  Ap...      
  7928    25.5    45.6   132.1   -16.4   -26.9  K1V        
  7939    25.5    61.0   129.0    -1.2   -13.0  B8IIIsp... 
  7940    25.5   -41.1   269.5   -72.6     4.0  A3Vn       
  7941    25.5   -36.8   258.3   -75.6    17.0  A0V        
  7943    25.5    35.2   134.5   -26.5    -1.9  B9IV-V     
  7948    25.5    29.5   135.9   -32.1     7.0  A2         
  7955    25.5   -32.3   241.3   -77.8    10.4  K1II/III   
  7956    25.5    66.8   127.9     4.4    22.3  K0         
  7961    25.6   -17.9   177.3   -75.1    -4.4  G2/G3V     
  7963    25.6    58.6   129.5    -3.6    -2.5  B8III      
  7965    25.6    68.0   127.7     5.6     5.1  A0sp...    
  7978    25.6   -53.7   286.9   -61.8    12.9  F8V        
  7981    25.6    20.3   138.9   -41.0   -33.7  K1V        
  7986    25.6   -20.2   184.9   -76.4    25.0  K2/K3III   
  7989    25.7    60.5   129.2    -1.7     4.0  K2II       
  7999    25.7    -3.7   152.8   -63.5   -34.0  K3II-III   
  8001    25.7    63.9   128.5     1.6    -9.3  K0         
  8002    25.7   -38.0   261.4   -74.7    85.0  G8IIIp     
  8016    25.7    70.6   127.2     8.2     6.6  B9V        
  8020    25.7    61.4   129.1    -0.8    -5.0  B7II       
  8025    25.8    56.5   130.0    -5.6   -45.4  M2Ib       
  8032    25.8    62.6   128.8     0.4    -2.0  B9V        
  8034    25.8    48.5   131.7   -13.5   -69.6  M2.5II     
  8036    25.8    62.1   128.9    -0.2    -8.0  B7V        
  8044    25.8    45.3   132.4   -16.6    12.2  K2IV       
  8046    25.8    60.6   129.3    -1.7   -32.0  B8IIIn     
  8051    25.8     4.3   146.6   -56.1    -3.0  M2V:       
  8068    25.9    50.7   131.3   -11.3     0.8  B2Vpe      
  8070    25.9    63.8   128.7     1.5   -45.0  K5V        
  8081    25.9    55.9   130.3    -6.2   -18.5  A2         
  8083    26.0   -24.1   201.4   -77.8    49.0  B          
  8086    26.0    32.2   135.6   -29.4    -4.6  G8III-IV...
  8094    26.0    -4.8   154.5   -64.4    19.7  K0         
  8102    26.0   -15.9   173.1   -73.4   -16.4  G8V        
  8106    26.0    61.9   129.1    -0.4   -43.0  F5Ia       
  8110    26.1     9.5   144.0   -51.2     4.6  F5+...     
  8111    26.1   -50.1   282.7   -64.9     3.0  Am         
  8115    26.1    57.5   130.0    -4.6     4.0  A3V        
  8121    26.1   -20.6   187.4   -76.3     1.4  G3V        
  8122    26.1    32.5   135.7   -29.0    -0.4  A3         
  8127    26.1    46.1   132.4   -15.8   -18.9  K5III      
  8142    26.2    63.0   128.9     0.7   -15.0  G8V        
  8148    26.2    57.1   130.2    -5.0     2.5  A2V        
  8153    26.2    28.5   136.9   -33.0    -1.0  A0         
  8159    26.2    20.1   139.7   -41.0   -43.5  G5IV       
  8163    26.2   -30.1   230.1   -77.9   -10.0  F2         
  8182    26.3    54.0   130.9    -8.1   -30.0  R...       
  8188    26.3   -15.9   173.7   -73.2    -6.9  G1/G2V     
  8198    26.3     9.2   144.6   -51.4    13.6  K0III      
  8204    26.4    44.8   132.9   -17.0    -6.0  F2III      
  8209    26.4   -25.1   206.3   -77.7    14.5  F2IV       
  8210    26.4     8.6   145.1   -52.0    19.0  A2p...     
  8213    26.4    46.7   132.5   -15.2   -25.0  G5V        
  8216    26.5    26.4   137.8   -34.9     7.0  F8IV       
  8229    26.5    62.9   129.1     0.7   -24.0  B9V        
  8230    26.5    -5.7   156.6   -65.0    10.8  K4III      
  8233    26.5   -27.3   217.1   -77.9     6.0  F2V        
  8235    26.5    55.3   130.7    -6.7   -33.0  B1II       
  8240    26.5   -50.8   282.9   -64.1    -2.0  M3III      
  8241    26.5   -53.5   285.7   -61.7     9.5  A1V        
  8242    26.5    53.6   131.1    -8.4   -24.0  B0         
  8246    26.5    54.8   130.8    -7.3   -31.0  B2         
  8257    26.6    43.7   133.3   -18.1   -14.0  A0         
  8260    26.6    61.3   129.5    -0.9   -17.0  B6Iab      
  8266    26.6    29.6   137.0   -31.8     2.0  F5V        
  8271    26.6    17.4   141.2   -43.5    -1.0  A9III      
  8275    26.7    12.4   143.4   -48.2    22.1  K5         
  8277    26.7    30.8   136.7   -30.6     5.8  F7IV       
  8280    26.7   -39.9   264.7   -72.8    15.0  A7V        
  8297    26.7    60.4   129.8    -1.8   -55.3  M2III      
  8300    26.8    26.2   138.2   -35.0    21.5  K3III      
  8305    26.8    61.2   129.6    -0.9   -47.0  B9Iab      
  8306    26.8    10.8   144.4   -49.7    10.0  B9         
  8307    26.8    63.7   129.1     1.5    26.0  G5III      
  8312    26.8    61.4   129.6    -0.7   -44.0  F6         
  8313    26.8    57.7   130.3    -4.3   -20.0  B3         
  8325    26.8    61.1   129.6    -1.0   -41.0  B1.5Ia     
  8330    26.8   -28.8   223.9   -77.5    -3.4  F6V        
  8346    26.9   -26.8   214.4   -77.5    25.0  K0V        
  8352    26.9   -29.7   228.1   -77.4    66.0  B8V        
  8358    26.9    28.5   137.6   -32.8    31.0  K1III      
  8362    26.9    63.9   129.1     1.7     2.8  K0V        
  8366    26.9   -80.2   300.0   -36.6    30.1  F0III      
  8370    27.0    46.2   133.0   -15.5    -3.1  F6V        
  8379    27.0    51.9   131.7   -10.0   -34.0  K0         
  8383    27.0   -22.2   195.1   -76.2     9.0  G1V        
  8385    27.0    61.8   129.6    -0.3     5.0  B9V        
  8387    27.0    17.0   141.9   -43.8     5.7  B9.5V      
